Index	Elapsed time [h:mm:ss.hh]	Elapsed time total [h:mm:ss.hh]	Turns number [Nr]	Cadence [rpm]	Cadence peak [rpm]	Cadence average [rpm]	Circ. pedal velocity [m/s]	Speed [km/h]	Avr speed [km/h]	Distance [m]	Distance total [m]	Heart rate [bpm]	Heart rate peak [bpm]	Heart rate average [bpm]	Force per revolution [N]	Force peak total [N]	Force peak [N]	Avr force [N]	Torque [Nm]	Avr torque [Nm]	Pace/1000m [sec]	Avr pace/1000m [sec]	Power [W]	Power peak [W]	Avr power [W]	Power/Kg [W/Kg]	Avr power/Kg [W/Kg]	Calories [cal]	Calories total [Kcal]	Work [J]	Work total [KJ]	Left leg percent [%]	Total left leg percent [%]	Right leg percent [%]	Total right leg percent [%]	Left time to force peak [mm:ss:00]	Total left time to force peak [mm:ss:00]	Right time to force peak [mm:ss:00]	Total right time to force peak [mm:ss:00]	Left angle to force peak [°]	Total left angle to force peak [°]	Right angle to force peak [°]	Total right angle to force peak [°]
1	0:00:01.02	0:00:01.02	1	59	59	59	1	31.69648	31.69648	8.98	8.98	170	170	170	126	126	217	126	21	21	01:53.57	01:53.57	131	131	131	1	1	190	0.2	134	0.1	52	52	48	48	00:00.20	00:00.20	00:00.19	00:00.19	72	72	66	66
2	0:00:00.99	0:00:02.01	2	61	61	60	1	33.34122	32.50657	9.17	18.15	171	171	170	140	140	226	133	24	23	01:47.97	01:50.68	151	151	141	1	1	203	0.4	149	0.3	53	52	47	48	00:00.21	00:00.20	00:00.21	00:00.20	76	74	77	71
3	0:00:00.96	0:00:02.97	3	63	63	61	1	33.95820	32.97579	9.06	27.21	171	171	171	142	142	242	136	24	23	01:46.01	01:49.09	158	158	147	1	1	204	0.6	152	0.4	52	52	48	48	00:00.21	00:00.20	00:00.22	00:00.20	79	75	83	75
4	0:00:00.95	0:00:03.92	4	63	63	61	1	33.49563	33.10177	8.84	36.04	169	171	170	136	142	239	136	23	23	01:47.47	01:48.69	153	158	148	1	1	196	0.8	145	0.6	53	52	47	48	00:00.20	00:00.20	00:00.23	00:00.21	77	76	86	78
5	0:00:00.94	0:00:04.86	5	64	64	62	1	33.49457	33.17774	8.75	44.79	169	171	170	134	142	238	135	23	23	01:47.48	01:48.45	153	158	149	1	1	194	1.0	143	0.7	48	51	52	49	00:00.23	00:00.21	00:00.24	00:00.21	88	78	92	80
6	0:00:02.77	0:00:07.63	6	22	64	47	0	17.81483	27.60038	13.71	58.50	170	171	170	72	142	324	112	12	19	03:22.07	02:03.45	28	158	105	0	1	242	1.2	77	0.8	--	51	--	49	--	00:00.21	--	00:00.21	--	78	--	80
7	0:00:01.19	0:00:08.82	7	50	64	48	1	30.31637	27.96682	10.02	68.52	166	171	169	130	142	233	115	22	19	01:58.74	02:02.77	117	158	106	1	1	205	1.4	139	0.9	54	52	46	48	00:00.31	00:00.22	00:00.32	00:00.23	93	81	98	84
8	0:00:01.09	0:00:09.91	8	55	64	48	1	31.43583	28.34838	9.52	78.04	168	171	169	131	142	220	116	22	20	01:54.51	02:01.75	129	158	109	1	1	200	1.6	140	1.1	52	52	48	48	00:00.25	00:00.23	00:00.27	00:00.24	82	81	90	85
9	0:00:01.04	0:00:10.95	9	58	64	49	1	31.64805	28.66177	9.14	87.18	167	171	169	127	142	225	118	22	20	01:53.75	02:00.90	131	158	111	1	1	193	1.8	136	1.2	53	52	47	48	00:00.24	00:00.23	00:00.28	00:00.24	83	81	97	86
10	0:00:01.03	0:00:11.98	10	58	64	50	1	32.12718	28.95972	9.19	96.37	167	171	169	131	142	219	119	22	20	01:52.05	02:00.03	136	158	113	1	1	197	2.0	140	1.4	51	52	49	48	00:00.24	00:00.23	00:00.26	00:00.24	83	82	92	87
11	0:00:01.00	0:00:12.98	11	60	64	51	1	32.66603	29.24526	9.07	105.45	164	171	168	134	142	225	120	23	20	01:50.20	01:59.16	143	158	115	1	1	197	2.2	143	1.5	51	52	49	48	00:00.21	00:00.23	00:00.25	00:00.24	76	81	90	87
12	0:00:00.97	0:00:13.95	12	62	64	52	1	33.19308	29.51977	8.94	114.39	164	171	168	135	142	226	121	23	21	01:48.45	01:58.28	149	158	118	1	1	197	2.4	144	1.6	51	52	49	48	00:00.22	00:00.22	00:00.27	00:00.24	83	81	99	88
13	0:00:00.97	0:00:14.92	13	62	64	52	1	33.53414	29.78075	9.04	123.42	166	171	168	139	142	240	122	24	21	01:47.35	01:57.44	153	158	120	1	1	201	2.6	149	1.8	49	52	51	48	00:00.21	00:00.22	00:00.24	00:00.24	77	81	90	88
14	0:00:00.95	0:00:15.87	14	63	64	53	1	33.88982	30.02673	8.94	132.37	168	171	168	140	142	248	123	24	21	01:46.22	01:56.64	158	158	122	1	1	201	2.8	150	1.9	49	51	51	49	00:00.21	00:00.22	00:00.26	00:00.24	80	81	98	89
15	0:00:00.94	0:00:16.81	15	64	64	54	1	33.25334	30.20716	8.68	141.05	167	171	168	132	142	236	124	22	21	01:48.25	01:56.10	150	158	124	1	1	192	3.0	141	2.1	47	51	53	49	00:00.21	00:00.22	00:00.25	00:00.24	82	81	94	89
16	0:00:00.96	0:00:17.77	16	63	64	54	1	33.12712	30.36490	8.83	149.88	170	171	168	133	142	258	124	23	21	01:48.67	01:55.65	148	158	125	1	1	194	3.2	142	2.2	44	51	56	49	00:00.22	00:00.22	00:00.24	00:00.24	83	81	90	89
17	0:00:00.94	0:00:18.71	17	64	64	55	1	33.94190	30.54461	8.86	158.75	168	171	168	139	142	242	125	24	21	01:46.06	01:55.09	158	158	127	1	1	199	3.4	149	2.4	49	51	51	49	00:00.25	00:00.22	00:00.25	00:00.24	96	82	96	90
18	0:00:00.93	0:00:19.64	18	65	65	55	1	34.12853	30.71432	8.82	167.56	168	171	168	140	142	257	126	24	21	01:45.48	01:54.56	161	161	128	1	1	199	3.6	149	2.5	48	50	52	50	00:00.21	00:00.22	00:00.23	00:00.24	80	82	90	90
19	0:00:00.93	0:00:20.57	19	65	65	55	1	33.91693	30.85912	8.76	176.33	164	171	168	137	142	244	126	23	21	01:46.14	01:54.12	158	161	130	1	1	197	3.8	147	2.7	49	50	51	50	00:00.21	00:00.22	00:00.25	00:00.24	82	82	96	90
20	0:00:00.92	0:00:21.49	20	65	65	56	1	34.40454	31.01090	8.79	185.12	170	171	168	141	142	256	127	24	22	01:44.63	01:53.65	164	164	131	1	1	200	4.0	151	2.8	48	50	52	50	00:00.23	00:00.22	00:00.24	00:00.24	92	82	92	90
21	0:00:00.91	0:00:22.40	21	66	66	56	1	34.45835	31.15095	8.71	193.83	165	171	168	140	142	252	127	24	22	01:44.47	01:53.21	165	165	133	1	1	199	4.2	150	3.0	48	50	52	50	00:00.20	00:00.22	00:00.23	00:00.24	80	82	90	90
22	0:00:00.91	0:00:23.31	22	66	66	57	1	34.61199	31.28607	8.75	202.58	166	171	168	142	142	245	128	24	22	01:44.01	01:52.80	167	167	134	1	1	200	4.4	152	3.1	48	50	52	50	00:00.24	00:00.22	00:00.24	00:00.24	96	83	94	90
23	0:00:00.90	0:00:24.21	23	67	67	57	1	34.68577	31.41245	8.67	211.25	165	171	167	141	142	240	128	24	22	01:43.78	01:52.41	168	168	135	1	1	199	4.6	151	3.3	50	50	50	50	00:00.20	00:00.22	00:00.25	00:00.24	82	83	98	91
24	0:00:00.90	0:00:25.11	24	67	67	57	1	34.98922	31.54065	8.75	220.00	166	171	167	145	145	257	129	25	22	01:42.88	01:52.01	172	172	137	1	1	202	4.8	155	3.4	49	50	51	50	00:00.23	00:00.22	00:00.24	00:00.24	92	83	96	91
25	0:00:00.89	0:00:26.00	25	67	67	58	1	35.29069	31.66902	8.72	228.72	165	171	167	147	147	275	130	25	22	01:42.00	01:51.60	176	176	138	1	1	204	5.0	156	3.6	48	50	52	50	00:00.22	00:00.22	00:00.24	00:00.24	90	83	96	91
26	0:00:00.89	0:00:26.89	26	67	67	58	1	34.85285	31.77439	8.62	237.34	165	171	167	142	147	253	130	24	22	01:43.29	01:51.28	170	176	139	1	1	199	5.2	151	3.7	48	50	52	50	00:00.22	00:00.22	00:00.23	00:00.24	90	84	92	91
27	0:00:00.89	0:00:27.78	27	67	67	58	1	34.90750	31.87477	8.63	245.97	162	171	167	142	147	256	130	24	22	01:43.12	01:50.98	171	176	140	1	1	199	5.4	152	3.9	49	50	51	50	00:00.21	00:00.22	00:00.24	00:00.24	86	84	96	91
28	0:00:00.89	0:00:28.67	28	67	67	59	1	35.09915	31.97486	8.68	254.64	165	171	167	144	147	256	131	25	22	01:42.56	01:50.68	173	176	141	1	1	201	5.6	154	4.0	47	50	53	50	00:00.22	00:00.22	00:00.24	00:00.24	90	84	96	91
29	0:00:00.88	0:00:29.55	29	68	68	59	1	35.43469	32.07790	8.66	263.31	161	171	167	146	147	258	131	25	22	01:41.59	01:50.37	178	178	142	1	1	203	5.8	156	4.2	49	50	51	50	00:00.21	00:00.22	00:00.22	00:00.24	86	84	90	91
30	0:00:00.87	0:00:30.42	30	69	69	59	1	35.76230	32.18327	8.64	271.95	163	171	167	148	148	263	132	25	22	01:40.66	01:50.04	182	182	143	1	1	204	6.0	159	4.4	49	50	51	50	00:00.21	00:00.22	00:00.24	00:00.24	88	84	98	92
31	0:00:00.88	0:00:31.30	31	68	69	59	1	35.20618	32.26826	8.61	280.55	163	171	167	144	148	251	132	24	22	01:42.25	01:49.79	175	182	144	1	1	200	6.2	154	4.5	47	50	53	50	00:00.21	00:00.22	00:00.22	00:00.24	86	84	90	92
32	0:00:00.87	0:00:32.17	32	69	69	60	1	36.09600	32.37178	8.72	289.28	164	171	166	152	152	268	133	26	23	01:39.73	01:49.46	187	187	145	1	1	208	6.4	163	4.7	49	50	51	50	00:00.20	00:00.22	00:00.24	00:00.24	84	84	98	92
33	0:00:00.86	0:00:33.03	33	70	70	60	1	35.63195	32.45666	8.51	297.79	164	171	166	145	152	269	133	25	23	01:41.03	01:49.21	180	187	146	1	1	200	6.6	155	4.8	47	49	53	51	00:00.21	00:00.22	00:00.22	00:00.24	88	84	92	92
34	0:00:00.87	0:00:33.90	34	69	70	60	1	35.59599	32.53723	8.60	306.39	164	171	166	147	152	257	133	25	23	01:41.13	01:48.97	180	187	147	1	1	202	6.8	157	5.0	49	49	51	51	00:00.20	00:00.21	00:00.24	00:00.24	84	84	98	92
35	0:00:00.87	0:00:34.77	35	69	70	60	1	35.23268	32.60467	8.51	314.91	160	171	166	143	152	250	134	24	23	01:42.17	01:48.78	175	187	148	1	1	198	7.0	152	5.1	49	49	51	51	00:00.21	00:00.21	00:00.23	00:00.24	88	84	94	92
36	0:00:00.87	0:00:35.64	36	69	70	61	1	35.41905	32.67337	8.56	323.47	163	171	166	145	152	256	134	25	23	01:41.64	01:48.58	178	187	148	1	1	200	7.2	154	5.3	49	49	51	51	00:00.21	00:00.21	00:00.24	00:00.24	88	84	98	92
37	0:00:00.86	0:00:36.50	37	70	70	61	1	36.44096	32.76214	8.71	332.17	160	171	166	154	154	258	134	26	23	01:38.78	01:48.31	192	192	149	1	1	210	7.4	165	5.5	50	49	50	51	00:00.20	00:00.21	00:00.22	00:00.24	84	84	92	92
38	0:00:00.86	0:00:37.36	38	70	70	61	1	36.19445	32.84115	8.65	340.82	160	171	166	152	154	260	135	26	23	01:39.46	01:48.07	188	192	150	1	1	207	7.6	162	5.6	50	49	50	51	00:00.21	00:00.21	00:00.24	00:00.24	88	85	100	92
39	0:00:00.85	0:00:38.21	39	71	71	61	1	35.84410	32.90796	8.46	349.28	160	171	166	146	154	255	135	25	23	01:40.43	01:47.88	183	192	151	1	1	201	7.8	156	5.8	49	49	51	51	00:00.21	00:00.21	00:00.21	00:00.24	90	85	88	92
40	0:00:00.86	0:00:39.07	40	70	71	61	1	35.84886	32.97269	8.56	357.85	160	171	165	148	154	259	135	25	23	01:40.42	01:47.69	183	192	152	1	1	203	8.0	158	5.9	50	49	50	51	00:00.21	00:00.21	00:00.22	00:00.23	88	85	92	92
41	0:00:00.86	0:00:39.93	41	70	71	62	1	35.70400	33.03152	8.53	366.37	160	171	165	146	154	259	136	25	23	01:40.82	01:47.52	181	192	152	1	1	201	8.2	156	6.1	49	49	51	51	00:00.21	00:00.21	00:00.23	00:00.23	88	85	96	92
42	0:00:00.86	0:00:40.79	42	70	71	62	1	36.14361	33.09713	8.63	375.01	159	171	165	151	154	263	136	26	23	01:39.60	01:47.33	188	192	153	1	1	206	8.4	161	6.2	47	49	53	51	00:00.21	00:00.21	00:00.22	00:00.23	88	85	92	92
43	0:00:00.86	0:00:41.65	43	70	71	62	1	36.66538	33.17081	8.76	383.77	163	171	165	157	157	271	136	27	23	01:38.18	01:47.11	195	195	154	1	1	212	8.7	168	6.4	46	49	54	51	00:00.25	00:00.21	00:00.23	00:00.23	105	85	96	92
44	0:00:00.84	0:00:42.49	44	71	71	62	1	35.61147	33.21906	8.31	392.08	159	171	165	142	157	233	136	24	23	01:41.09	01:46.98	180	195	155	1	1	196	8.9	151	6.6	52	49	48	51	00:00.18	00:00.21	00:00.19	00:00.23	79	85	80	92
45	0:00:00.87	0:00:43.36	45	69	71	62	1	34.39652	33.24268	8.31	400.39	159	171	165	134	157	224	136	23	23	01:44.66	01:46.93	164	195	155	1	1	189	9.0	143	6.7	50	49	50	51	00:00.21	00:00.21	00:00.24	00:00.23	90	85	96	92
46	0:00:00.87	0:00:44.23	46	69	71	62	1	35.91459	33.29524	8.68	409.07	161	171	165	150	157	240	137	26	23	01:40.23	01:46.78	184	195	155	1	1	206	9.3	160	6.9	51	49	49	51	00:00.20	00:00.21	00:00.22	00:00.23	84	85	90	92
47	0:00:00.87	0:00:45.10	47	69	71	63	1	35.62922	33.34026	8.61	417.68	160	171	165	147	157	250	137	25	23	01:41.04	01:46.66	180	195	156	1	1	203	9.5	157	7.0	53	50	47	50	00:00.20	00:00.21	00:00.24	00:00.23	84	85	98	92
48	0:00:00.88	0:00:45.98	48	68	71	63	1	35.43782	33.38041	8.66	426.34	158	171	164	146	157	244	137	25	23	01:41.58	01:46.55	178	195	156	1	1	203	9.7	156	7.2	50	50	50	50	00:00.22	00:00.21	00:00.22	00:00.23	90	85	90	92
49	0:00:00.86	0:00:46.84	49	70	71	63	1	35.59054	33.42099	8.50	434.84	157	171	164	145	157	252	137	25	23	01:41.15	01:46.44	180	195	157	1	1	200	9.9	155	7.3	53	50	47	50	00:00.21	00:00.21	00:00.22	00:00.23	90	85	90	92
50	0:00:00.89	0:00:47.73	50	67	71	63	1	34.63695	33.44366	8.56	443.41	157	171	164	139	157	232	137	24	23	01:43.93	01:46.39	167	195	157	1	1	196	10.1	149	7.5	50	50	50	50	00:00.22	00:00.21	00:00.24	00:00.23	90	85	96	92
51	0:00:00.89	0:00:48.62	51	67	71	63	1	35.19027	33.47563	8.70	452.11	157	171	164	145	157	245	137	25	23	01:42.30	01:46.31	174	195	157	1	1	202	10.3	155	7.6	51	50	49	50	00:00.22	00:00.21	00:00.26	00:00.23	90	86	104	93
52	0:00:00.88	0:00:49.50	52	68	71	63	1	35.65369	33.51435	8.72	460.82	155	171	164	149	157	246	138	25	23	01:40.97	01:46.21	181	195	158	1	1	205	10.5	159	7.8	51	50	49	50	00:00.20	00:00.21	00:00.22	00:00.23	82	86	90	92
53	0:00:00.87	0:00:50.37	53	69	71	63	1	35.99234	33.55715	8.70	469.52	156	171	164	151	157	258	138	26	23	01:40.02	01:46.09	185	195	158	1	1	207	10.7	161	8.0	51	50	49	50	00:00.22	00:00.21	00:00.23	00:00.23	92	86	94	93
54	0:00:00.85	0:00:51.22	54	71	71	63	1	36.49376	33.60589	8.62	478.14	156	171	163	153	157	258	138	26	23	01:38.64	01:45.95	193	195	159	1	1	208	10.9	164	8.1	51	50	49	50	00:00.19	00:00.21	00:00.22	00:00.23	81	86	92	93
55	0:00:00.85	0:00:52.07	55	71	71	63	1	36.86087	33.65902	8.70	486.84	155	171	163	157	157	253	138	27	24	01:37.66	01:45.79	198	198	159	1	1	212	11.1	168	8.3	50	50	50	50	00:00.21	00:00.21	00:00.23	00:00.23	90	86	96	93
56	0:00:00.83	0:00:52.90	56	72	72	64	1	36.76425	33.70774	8.48	495.32	155	171	163	153	157	246	139	26	24	01:37.92	01:45.65	196	198	160	1	1	206	11.3	163	8.5	52	50	48	50	00:00.22	00:00.21	00:00.21	00:00.23	97	86	90	93
57	0:00:00.84	0:00:53.74	57	71	72	64	1	36.54187	33.75204	8.53	503.84	154	171	163	152	157	242	139	26	24	01:38.51	01:45.52	193	198	160	1	1	206	11.5	162	8.6	51	50	49	50	00:00.21	00:00.21	00:00.22	00:00.23	90	86	94	93
58	0:00:00.84	0:00:54.58	58	71	72	64	1	36.20434	33.78978	8.45	512.29	161	171	163	148	157	246	139	25	24	01:39.43	01:45.42	188	198	161	1	1	202	11.7	158	8.8	51	50	49	50	00:00.21	00:00.21	00:00.20	00:00.23	92	86	84	92
59	0:00:00.84	0:00:55.42	59	71	72	64	1	36.86568	33.83641	8.60	520.89	161	171	163	156	157	250	139	26	24	01:37.65	01:45.28	198	198	161	1	1	210	11.9	166	8.9	50	50	50	50	00:00.22	00:00.21	00:00.21	00:00.23	94	86	90	92
60	0:00:00.83	0:00:56.25	60	72	72	64	1	37.24566	33.88671	8.59	529.48	153	171	163	158	158	239	139	27	24	01:36.65	01:45.13	203	203	162	1	1	212	12.1	169	9.1	50	50	50	50	00:00.24	00:00.21	00:00.21	00:00.23	105	86	90	92
61	0:00:00.82	0:00:57.07	61	73	73	64	1	37.57343	33.93968	8.56	538.04	159	171	163	160	160	233	140	27	24	01:35.81	01:44.97	208	208	163	1	1	213	12.3	171	9.3	51	50	49	50	00:00.22	00:00.21	00:00.22	00:00.23	97	87	97	92
62	0:00:00.81	0:00:57.88	62	74	74	64	1	37.48265	33.98926	8.43	546.47	150	171	162	157	160	244	140	27	24	01:36.04	01:44.82	207	208	163	1	1	209	12.5	168	9.5	52	50	48	50	00:00.21	00:00.21	00:00.20	00:00.23	95	87	88	92
63	0:00:00.82	0:00:58.70	63	73	74	64	1	36.77249	34.02814	8.38	554.85	150	171	162	151	160	235	140	26	24	01:37.89	01:44.71	197	208	164	1	1	204	12.7	161	9.6	51	50	49	50	00:00.22	00:00.21	00:00.25	00:00.23	99	87	107	93
64	0:00:00.83	0:00:59.53	64	72	74	65	1	36.78253	34.06655	8.48	563.33	148	171	162	153	160	238	140	26	24	01:37.87	01:44.61	197	208	164	1	1	206	13.0	163	9.8	49	50	51	50	00:00.20	00:00.21	00:00.24	00:00.23	88	87	103	93
65	0:00:00.82	0:01:00.35	65	73	74	65	1	36.96810	34.10597	8.42	571.75	148	171	162	153	160	239	140	26	24	01:37.38	01:44.49	199	208	165	1	1	206	13.2	163	9.9	50	50	50	50	00:00.20	00:00.21	00:00.18	00:00.23	88	87	79	93
66	0:00:00.82	0:01:01.17	66	73	74	65	1	37.39819	34.15011	8.52	580.27	148	171	162	158	160	266	141	27	24	01:36.26	01:44.37	206	208	165	1	1	211	13.4	169	10.1	54	50	46	50	00:00.21	00:00.21	00:00.20	00:00.23	92	87	88	92
67	0:00:00.84	0:01:02.01	67	71	74	65	1	35.51769	34.16863	8.29	588.55	153	171	161	141	160	226	141	24	24	01:41.35	01:44.32	179	208	165	1	1	195	13.6	150	10.3	46	50	54	50	00:00.22	00:00.21	00:00.25	00:00.23	94	87	107	93
68	0:00:00.84	0:01:02.85	68	71	74	65	1	37.10468	34.20787	8.66	597.21	153	171	161	158	160	251	141	27	24	01:37.02	01:44.21	201	208	166	1	1	213	13.8	169	10.4	50	50	50	50	00:00.23	00:00.21	00:00.23	00:00.23	99	87	99	93
69	0:00:00.83	0:01:03.68	69	72	74	65	1	36.86591	34.24252	8.50	605.71	150	171	161	154	160	250	141	26	24	01:37.65	01:44.11	198	208	166	1	1	207	14.0	164	10.6	50	50	50	50	00:00.21	00:00.21	00:00.21	00:00.23	92	87	90	93
70	0:00:00.83	0:01:04.51	70	72	74	65	1	36.74718	34.27474	8.47	614.18	152	171	161	152	160	246	141	26	24	01:37.96	01:44.03	196	208	167	1	1	206	14.2	163	10.8	50	50	50	50	00:00.22	00:00.21	00:00.22	00:00.23	94	87	97	93
71	0:00:00.83	0:01:05.34	71	72	74	65	1	36.86652	34.30767	8.50	622.68	151	171	161	154	160	252	141	26	24	01:37.64	01:43.93	198	208	167	1	1	207	14.4	164	10.9	51	50	49	50	00:00.22	00:00.21	00:00.21	00:00.23	94	87	92	93
72	0:00:00.83	0:01:06.17	72	72	74	65	1	36.75751	34.33839	8.47	631.16	151	171	161	153	160	252	142	26	24	01:37.93	01:43.85	196	208	167	1	1	206	14.6	163	11.1	51	50	49	50	00:00.21	00:00.21	00:00.21	00:00.23	92	88	90	93
73	0:00:00.83	0:01:07.00	73	72	74	65	1	36.93643	34.37058	8.52	639.67	153	171	161	155	160	259	142	26	24	01:37.46	01:43.76	199	208	168	1	1	208	14.8	165	11.2	51	50	49	50	00:00.21	00:00.21	00:00.22	00:00.23	92	88	94	93
74	0:00:00.83	0:01:07.83	74	72	74	65	1	36.88190	34.40131	8.50	648.18	149	171	160	154	160	264	142	26	24	01:37.60	01:43.68	198	208	168	1	1	207	15.0	164	11.4	50	50	50	50	00:00.21	00:00.21	00:00.21	00:00.23	92	88	90	93
75	0:00:00.82	0:01:08.65	75	73	74	66	1	37.05784	34.43304	8.44	656.62	152	171	160	154	160	251	142	26	24	01:37.14	01:43.59	201	208	169	1	1	207	15.2	165	11.6	51	50	49	50	00:00.22	00:00.21	00:00.22	00:00.23	97	88	97	93
76	0:00:00.83	0:01:09.48	76	72	74	66	1	37.01674	34.46390	8.53	665.15	147	171	160	155	160	255	142	26	24	01:37.25	01:43.50	200	208	169	1	1	209	15.4	166	11.7	51	50	49	50	00:00.21	00:00.21	00:00.23	00:00.23	92	88	99	93
77	0:00:00.82	0:01:10.30	77	73	74	66	1	37.40412	34.49820	8.52	673.67	149	171	160	158	160	253	142	27	24	01:36.24	01:43.41	206	208	169	1	1	211	15.6	169	11.9	51	50	49	50	00:00.21	00:00.21	00:00.20	00:00.23	92	88	88	93
78	0:00:00.81	0:01:11.11	78	74	74	66	1	37.54277	34.53288	8.45	682.12	150	171	160	158	160	252	143	27	24	01:35.89	01:43.31	208	208	170	1	1	210	15.9	168	12.1	50	50	50	50	00:00.21	00:00.21	00:00.22	00:00.23	95	88	97	93
79	0:00:00.82	0:01:11.93	79	73	74	66	1	36.73150	34.55794	8.37	690.49	150	171	160	150	160	248	143	26	24	01:38.00	01:43.24	196	208	170	1	1	203	16.1	161	12.2	51	50	49	50	00:00.22	00:00.21	00:00.21	00:00.23	97	88	92	93
80	0:00:00.83	0:01:12.76	80	72	74	66	1	36.71942	34.58260	8.47	698.95	152	171	160	152	160	262	143	26	24	01:38.04	01:43.18	196	208	170	1	1	206	16.3	162	12.4	51	50	49	50	00:00.20	00:00.21	00:00.22	00:00.22	88	88	94	93
81	0:00:00.82	0:01:13.58	81	73	74	66	1	37.12836	34.61097	8.46	707.41	152	171	159	155	160	251	143	26	24	01:36.96	01:43.10	202	208	171	1	1	208	16.5	165	12.6	51	50	49	50	00:00.21	00:00.21	00:00.22	00:00.22	92	88	97	93
82	0:00:00.83	0:01:14.41	82	72	74	66	1	36.73262	34.63464	8.47	715.88	150	171	159	152	160	248	143	26	24	01:38.00	01:43.04	196	208	171	1	1	206	16.7	163	12.7	51	50	49	50	00:00.22	00:00.21	00:00.21	00:00.22	97	88	90	93
83	0:00:00.82	0:01:15.23	83	73	74	66	1	37.26884	34.66335	8.49	724.37	157	171	159	156	160	258	143	27	24	01:36.59	01:42.96	204	208	171	1	1	209	16.9	167	12.9	52	50	48	50	00:00.21	00:00.21	00:00.22	00:00.22	92	88	97	93
84	0:00:00.86	0:01:16.09	84	70	74	66	1	33.39047	34.64896	7.98	732.34	148	171	159	122	160	222	143	21	24	01:47.81	01:43.01	151	208	171	1	1	177	17.1	130	13.0	53	50	47	50	00:00.22	00:00.21	00:00.22	00:00.22	94	88	90	93
85	0:00:00.90	0:01:16.99	85	67	74	66	1	34.33949	34.64535	8.58	740.93	148	171	159	138	160	225	143	23	24	01:44.83	01:43.03	163	208	171	1	1	195	17.3	147	13.2	48	50	52	50	00:00.20	00:00.21	00:00.22	00:00.22	80	88	88	93
86	0:00:00.90	0:01:17.89	86	67	74	66	1	35.07051	34.65026	8.77	749.70	149	171	159	146	160	241	143	25	24	01:42.65	01:43.02	173	208	171	1	1	203	17.5	156	13.3	52	50	48	50	00:00.21	00:00.21	00:00.22	00:00.22	84	88	88	93
87	0:00:00.89	0:01:18.78	87	67	74	66	1	35.14601	34.65586	8.69	758.39	147	171	159	145	160	243	143	25	24	01:42.42	01:43.02	174	208	171	1	1	202	17.7	155	13.5	52	50	48	50	00:00.22	00:00.21	00:00.24	00:00.22	90	88	96	93
88	0:00:00.88	0:01:19.66	88	68	74	66	1	35.77702	34.66825	8.75	767.13	147	171	159	150	160	246	143	26	24	01:40.62	01:42.99	182	208	171	1	1	207	17.9	161	13.6	51	50	49	50	00:00.22	00:00.21	00:00.23	00:00.22	90	88	94	93
89	0:00:00.88	0:01:20.54	89	68	74	66	1	34.82180	34.66992	8.51	775.64	147	171	158	140	160	242	143	24	24	01:43.38	01:42.99	170	208	171	1	1	196	18.1	149	13.8	52	50	48	50	00:00.20	00:00.21	00:00.24	00:00.22	84	88	96	93
90	0:00:00.88	0:01:21.42	90	68	74	66	1	35.98629	34.68415	8.80	784.44	147	171	158	153	160	255	143	26	24	01:40.03	01:42.96	185	208	171	1	1	209	18.3	163	14.0	51	50	49	50	00:00.22	00:00.21	00:00.23	00:00.22	90	88	94	93
91	0:00:00.87	0:01:22.29	91	69	74	66	1	35.79825	34.69593	8.65	793.09	148	171	158	149	160	247	143	25	24	01:40.56	01:42.93	183	208	172	1	1	205	18.5	159	14.1	51	50	49	50	00:00.22	00:00.21	00:00.22	00:00.22	92	88	90	93
92	0:00:00.87	0:01:23.16	92	69	74	66	1	35.68221	34.70625	8.62	801.71	145	171	158	148	160	237	143	25	24	01:40.89	01:42.91	181	208	172	1	1	203	18.7	158	14.3	50	50	50	50	00:00.21	00:00.21	00:00.22	00:00.22	88	88	90	93
93	0:00:00.85	0:01:24.01	93	71	74	66	1	36.44249	34.72381	8.60	810.32	147	171	158	153	160	259	143	26	24	01:38.78	01:42.87	192	208	172	1	1	207	18.9	163	14.4	52	50	48	50	00:00.21	00:00.21	00:00.23	00:00.22	90	88	96	93
94	0:00:00.86	0:01:24.87	94	70	74	66	1	35.64825	34.73318	8.52	818.83	146	171	158	145	160	249	143	25	24	01:40.98	01:42.85	181	208	172	1	1	201	19.1	155	14.6	52	50	48	50	00:00.21	00:00.21	00:00.23	00:00.22	88	88	96	93
95	0:00:00.86	0:01:25.73	95	70	74	66	1	36.12102	34.74710	8.63	827.46	145	171	158	151	160	240	143	26	24	01:39.66	01:42.81	187	208	172	1	1	206	19.3	161	14.8	51	50	49	50	00:00.21	00:00.21	00:00.20	00:00.22	90	88	82	93
96	0:00:00.86	0:01:26.59	96	70	74	67	1	35.31754	34.75277	8.44	835.90	144	171	157	142	160	225	143	24	24	01:41.93	01:42.80	176	208	172	1	1	197	19.5	152	14.9	50	50	50	50	00:00.21	00:00.21	00:00.23	00:00.22	90	88	94	93
97	0:00:00.86	0:01:27.45	97	70	74	67	1	36.32746	34.76826	8.68	844.58	147	171	157	153	160	249	143	26	24	01:39.09	01:42.76	190	208	172	1	1	208	19.7	164	15.1	52	50	48	50	00:00.22	00:00.21	00:00.22	00:00.22	92	88	92	93
98	0:00:00.87	0:01:28.32	98	69	74	67	1	35.14472	34.77196	8.49	853.07	147	171	157	142	160	229	143	24	24	01:42.43	01:42.76	174	208	172	1	1	197	19.9	151	15.2	52	50	48	50	00:00.20	00:00.21	00:00.21	00:00.22	84	88	86	93
99	0:00:00.88	0:01:29.20	99	68	74	67	1	35.02814	34.77449	8.56	861.63	148	171	157	142	160	225	143	24	24	01:42.77	01:42.76	172	208	172	1	1	198	20.1	152	15.4	51	50	49	50	00:00.20	00:00.21	00:00.24	00:00.22	84	88	96	93
100	0:00:00.87	0:01:30.07	100	69	74	67	1	36.26347	34.78887	8.76	870.40	148	171	157	154	160	245	143	26	24	01:39.27	01:42.73	189	208	173	1	1	210	20.3	165	15.5	50	50	50	50	00:00.23	00:00.21	00:00.24	00:00.22	96	88	98	93
101	0:00:00.87	0:01:30.94	101	69	74	67	1	35.57094	34.79635	8.60	878.99	148	171	157	146	160	238	144	25	24	01:41.20	01:42.71	180	208	173	1	1	202	20.5	156	15.7	50	50	50	50	00:00.23	00:00.21	00:00.22	00:00.22	96	88	90	93
102	0:00:00.87	0:01:31.81	102	69	74	67	1	35.28491	34.80098	8.53	887.52	145	171	157	143	160	236	144	24	24	01:42.02	01:42.70	176	208	173	1	1	199	20.7	153	15.8	51	50	49	50	00:00.21	00:00.21	00:00.23	00:00.22	88	88	94	93
103	0:00:00.86	0:01:32.67	103	70	74	67	1	36.64604	34.81811	8.75	896.28	147	171	157	157	160	263	144	27	24	01:38.23	01:42.66	195	208	173	1	1	212	20.9	167	16.0	52	50	48	50	00:00.22	00:00.21	00:00.23	00:00.22	92	88	96	93
104	0:00:00.87	0:01:33.54	104	69	74	67	1	34.87602	34.81865	8.43	904.70	143	171	157	139	160	233	144	24	24	01:43.22	01:42.66	170	208	173	1	1	194	21.1	148	16.2	51	50	49	50	00:00.22	00:00.21	00:00.23	00:00.22	92	88	94	93
105	0:00:00.87	0:01:34.41	105	69	74	67	1	36.05749	34.83006	8.71	913.42	143	171	156	152	160	244	144	26	24	01:39.84	01:42.64	186	208	173	1	1	208	21.3	162	16.3	50	50	50	50	00:00.21	00:00.21	00:00.22	00:00.22	88	88	90	93
106	0:00:00.86	0:01:35.27	106	70	74	67	1	35.70927	34.83800	8.53	921.95	141	171	156	146	160	240	144	25	24	01:40.81	01:42.62	182	208	173	1	1	201	21.5	156	16.5	49	50	51	50	00:00.21	00:00.21	00:00.23	00:00.22	90	88	94	93
107	0:00:00.87	0:01:36.14	107	69	74	67	1	35.53075	34.84427	8.59	930.54	143	171	156	146	160	245	144	25	24	01:41.32	01:42.61	179	208	173	1	1	202	21.7	156	16.6	49	50	51	50	00:00.20	00:00.21	00:00.23	00:00.22	84	88	94	93
108	0:00:00.87	0:01:37.01	108	69	74	67	1	35.80080	34.85285	8.65	939.19	143	171	156	149	160	244	144	25	24	01:40.55	01:42.59	183	208	173	1	1	205	21.9	159	16.8	50	50	50	50	00:00.22	00:00.21	00:00.24	00:00.22	92	88	98	93
109	0:00:00.87	0:01:37.88	109	69	74	67	1	35.67496	34.86015	8.62	947.81	140	171	156	147	160	244	144	25	24	01:40.91	01:42.57	181	208	173	1	1	203	22.1	158	17.0	48	50	52	50	00:00.20	00:00.21	00:00.23	00:00.22	84	88	94	93
110	0:00:00.87	0:01:38.75	110	69	74	67	1	35.20937	34.86323	8.51	956.32	142	171	156	142	160	234	144	24	24	01:42.24	01:42.57	175	208	173	1	1	198	22.3	152	17.1	50	50	50	50	00:00.21	00:00.21	00:00.24	00:00.22	88	88	98	93
111	0:00:00.87	0:01:39.62	111	69	74	67	1	36.27861	34.87559	8.77	965.09	146	171	156	154	160	248	144	26	24	01:39.23	01:42.54	189	208	173	1	1	210	22.5	165	17.3	50	50	50	50	00:00.22	00:00.21	00:00.24	00:00.22	92	88	98	93
112	0:00:00.86	0:01:40.48	112	70	74	67	1	35.77144	34.88326	8.55	973.63	142	171	156	147	160	242	144	25	24	01:40.63	01:42.52	182	208	173	1	1	202	22.7	157	17.4	51	50	49	50	00:00.21	00:00.21	00:00.22	00:00.22	90	88	90	93
113	0:00:00.85	0:01:41.33	113	71	74	67	1	36.19255	34.89424	8.55	982.18	142	171	155	150	160	252	144	25	24	01:39.46	01:42.49	188	208	174	1	1	204	23.0	160	17.6	52	50	48	50	00:00.21	00:00.21	00:00.22	00:00.22	90	88	92	93
114	0:00:00.86	0:01:42.19	114	70	74	67	1	36.44118	34.90726	8.71	990.88	145	171	155	154	160	241	144	26	24	01:38.78	01:42.46	192	208	174	1	1	210	23.2	165	17.8	51	50	49	50	00:00.22	00:00.21	00:00.23	00:00.22	92	88	96	93
115	0:00:00.85	0:01:43.04	115	71	74	67	1	36.00283	34.91630	8.50	999.38	141	171	155	148	160	244	144	25	24	01:39.99	01:42.44	186	208	174	1	1	202	23.4	158	17.9	50	50	50	50	00:00.22	00:00.21	00:00.21	00:00.22	94	89	88	93
116	0:00:00.87	0:01:43.91	116	69	74	67	1	34.58631	34.91353	8.36	1007.74	141	171	155	136	160	225	144	23	24	01:44.08	01:42.45	166	208	174	1	1	191	23.6	145	18.1	49	50	51	50	00:00.22	00:00.21	00:00.23	00:00.22	92	89	94	93
117	0:00:00.88	0:01:44.79	117	68	74	67	1	35.67089	34.91989	8.72	1016.46	140	171	155	149	160	245	144	25	24	01:40.92	01:42.44	181	208	174	1	1	206	23.8	159	18.2	50	50	50	50	00:00.20	00:00.21	00:00.23	00:00.22	82	89	94	93
118	0:00:00.86	0:01:45.65	118	70	74	67	1	36.21336	34.93042	8.65	1025.11	140	171	155	152	160	256	144	26	24	01:39.41	01:42.41	189	208	174	1	1	207	24.0	162	18.4	51	50	49	50	00:00.21	00:00.21	00:00.21	00:00.22	88	89	88	93
119	0:00:00.86	0:01:46.51	119	70	74	67	1	36.14642	34.94024	8.63	1033.75	141	171	155	151	160	251	144	26	25	01:39.59	01:42.39	188	208	174	1	1	206	24.2	161	18.5	51	50	49	50	00:00.22	00:00.21	00:00.23	00:00.22	92	89	96	93
120	0:00:00.86	0:01:47.37	120	70	74	67	1	35.99968	34.94873	8.60	1042.35	137	171	154	149	160	240	144	25	25	01:40.00	01:42.37	186	208	174	1	1	205	24.4	160	18.7	51	50	49	50	00:00.21	00:00.21	00:00.23	00:00.22	88	89	96	93
121	0:00:00.86	0:01:48.23	121	70	74	67	1	36.06236	34.95758	8.61	1050.96	138	171	154	150	160	241	144	26	25	01:39.82	01:42.35	186	208	174	1	1	205	24.6	160	18.9	49	50	51	50	00:00.21	00:00.21	00:00.22	00:00.22	90	89	90	93
122	0:00:00.85	0:01:49.08	122	71	74	67	1	36.37152	34.96859	8.59	1059.55	140	171	154	152	160	242	144	26	25	01:38.97	01:42.32	191	208	174	1	1	207	24.8	162	19.0	50	50	50	50	00:00.20	00:00.21	00:00.21	00:00.22	86	89	88	93
123	0:00:00.85	0:01:49.93	123	71	74	67	1	36.01678	34.97670	8.50	1068.05	138	171	154	148	160	239	144	25	25	01:39.95	01:42.30	186	208	174	1	1	202	25.0	158	19.2	51	50	49	50	00:00.20	00:00.21	00:00.21	00:00.22	86	88	88	93
124	0:00:00.84	0:01:50.77	124	71	74	67	1	36.83694	34.99081	8.60	1076.65	140	171	154	155	160	266	144	26	25	01:37.72	01:42.26	197	208	175	1	1	209	25.2	166	19.3	53	50	47	50	00:00.20	00:00.21	00:00.21	00:00.22	86	88	90	93
125	0:00:00.85	0:01:51.62	125	71	74	67	1	36.28240	35.00064	8.57	1085.21	137	171	154	151	160	248	144	26	25	01:39.22	01:42.24	190	208	175	1	1	205	25.4	161	19.5	50	50	50	50	00:00.19	00:00.21	00:00.21	00:00.22	81	88	88	93
126	0:00:00.84	0:01:52.46	126	71	74	67	1	36.29436	35.01030	8.47	1093.68	137	171	154	149	160	251	144	25	25	01:39.18	01:42.22	190	208	175	1	1	203	25.6	159	19.7	51	50	49	50	00:00.20	00:00.21	00:00.21	00:00.22	88	88	88	93
127	0:00:00.85	0:01:53.31	127	71	74	67	1	36.33913	35.02027	8.58	1102.26	138	171	153	151	160	242	145	26	25	01:39.06	01:42.19	190	208	175	1	1	206	25.8	162	19.8	49	50	51	50	00:00.21	00:00.21	00:00.23	00:00.22	90	88	96	93
128	0:00:00.85	0:01:54.16	128	71	74	67	1	36.55091	35.03167	8.63	1110.89	136	171	153	154	160	246	145	26	25	01:38.49	01:42.16	193	208	175	1	1	209	26.0	164	20.0	49	50	51	50	00:00.21	00:00.21	00:00.23	00:00.22	90	88	96	93
129	0:00:00.85	0:01:55.01	129	71	74	67	1	34.90044	35.03070	8.24	1119.13	137	171	153	136	160	223	145	23	25	01:43.15	01:42.17	171	208	175	1	1	190	26.2	145	20.1	51	50	49	50	00:00.19	00:00.21	00:00.20	00:00.22	83	88	82	93
130	0:00:00.87	0:01:55.88	130	69	74	67	1	35.73804	35.03601	8.64	1127.77	142	171	153	148	160	224	145	25	25	01:40.73	01:42.16	182	208	175	1	1	204	26.4	158	20.3	50	50	50	50	00:00.23	00:00.21	00:00.22	00:00.22	96	88	90	93
131	0:00:00.89	0:01:56.77	131	67	74	67	1	34.89430	35.03493	8.63	1136.40	138	171	153	142	160	261	145	24	25	01:43.16	01:42.16	171	208	175	1	1	199	26.6	152	20.4	43	50	57	50	00:00.22	00:00.21	00:00.22	00:00.22	90	88	88	93
132	0:00:00.84	0:01:57.61	132	71	74	67	1	38.19103	35.05747	8.91	1145.31	142	171	153	171	171	280	145	29	25	01:34.26	01:42.10	218	218	175	1	1	226	26.8	183	20.6	52	50	48	50	00:00.25	00:00.21	00:00.21	00:00.22	107	89	90	93
133	0:00:00.84	0:01:58.45	133	71	74	67	1	35.87284	35.06325	8.37	1153.68	139	171	153	145	171	252	145	25	25	01:40.35	01:42.09	184	218	175	1	1	198	27.0	154	20.8	51	50	49	50	00:00.21	00:00.21	00:00.23	00:00.22	92	89	96	93
134	0:00:00.85	0:01:59.30	134	71	74	67	1	35.37476	35.06547	8.35	1162.03	139	171	153	141	171	235	145	24	25	01:41.76	01:42.08	177	218	175	1	1	195	27.2	150	20.9	49	50	51	50	00:00.22	00:00.21	00:00.22	00:00.22	94	89	92	93
135	0:00:00.87	0:02:00.17	135	69	74	67	1	36.21946	35.07383	8.75	1170.78	137	171	152	154	171	249	145	26	25	01:39.39	01:42.06	189	218	176	1	1	210	27.4	164	21.1	49	50	51	50	00:00.25	00:00.21	00:00.26	00:00.22	105	89	106	93
136	0:00:00.84	0:02:01.01	136	71	74	67	1	37.17193	35.08839	8.67	1179.46	137	171	152	159	171	276	145	27	25	01:36.84	01:42.02	202	218	176	1	1	213	27.7	170	21.3	52	50	48	50	00:00.26	00:00.21	00:00.24	00:00.22	111	89	103	93
