Index	Elapsed time [h:mm:ss.hh]	Elapsed time total [h:mm:ss.hh]	Turns number [Nr]	Cadence [rpm]	Cadence peak [rpm]	Cadence average [rpm]	Circ. pedal velocity [m/s]	Speed [km/h]	Avr speed [km/h]	Distance [m]	Distance total [m]	Heart rate [bpm]	Heart rate peak [bpm]	Heart rate average [bpm]	Force per revolution [N]	Force peak total [N]	Force peak [N]	Avr force [N]	Torque [Nm]	Avr torque [Nm]	Pace/1000m [sec]	Avr pace/1000m [sec]	Power [W]	Power peak [W]	Avr power [W]	Power/Kg [W/Kg]	Avr power/Kg [W/Kg]	Calories [cal]	Calories total [Kcal]	Work [J]	Work total [KJ]	Left leg percent [%]	Total left leg percent [%]	Right leg percent [%]	Total right leg percent [%]	Left time to force peak [mm:ss:00]	Total left time to force peak [mm:ss:00]	Right time to force peak [mm:ss:00]	Total right time to force peak [mm:ss:00]	Left angle to force peak [°]	Total left angle to force peak [°]	Right angle to force peak [°]	Total right angle to force peak [°]
1	0:00:01.49	0:00:01.49	1	40	40	40	1	20.34677	20.34677	8.42	8.42	157	157	157	55	55	106	55	9	9	02:56.93	02:56.93	40	40	40	0	0	147	0.1	59	0.1	57	57	43	43	00:00.39	00:00.39	00:00.33	00:00.33	88	88	86	86
2	0:00:01.24	0:00:02.73	2	48	48	44	1	19.34479	19.89166	6.66	15.08	157	157	157	40	55	73	48	7	8	03:06.09	03:00.88	35	40	37	0	0	116	0.3	43	0.1	53	55	47	45	00:00.35	00:00.37	00:00.28	00:00.30	100	93	83	84
3	0:00:01.12	0:00:03.85	3	54	54	47	1	20.07188	19.94409	6.24	21.33	155	157	156	40	55	75	46	7	8	02:59.35	03:00.43	38	40	38	0	0	109	0.4	43	0.1	54	55	46	45	00:00.35	00:00.36	00:00.27	00:00.29	111	98	88	86
4	0:00:01.06	0:00:04.91	4	57	57	49	1	19.87104	19.92832	5.85	27.18	153	157	155	37	55	78	44	6	7	03:01.16	03:00.59	37	40	37	0	0	102	0.5	39	0.2	61	56	39	44	00:00.35	00:00.36	00:00.26	00:00.28	119	102	88	86
5	0:00:01.04	0:00:05.95	5	58	58	50	1	18.84094	19.73825	5.44	32.62	153	157	155	31	55	68	42	5	7	03:11.07	03:02.27	32	40	37	0	0	95	0.6	33	0.2	59	57	41	43	00:00.27	00:00.34	00:00.25	00:00.27	97	102	83	86
6	0:00:06.31	0:00:12.26	6	10	58	29	0	7.71525	13.55023	13.52	46.15	147	157	154	17	55	159	29	3	5	07:46.60	03:51.14	3	40	19	0	0	401	1.0	18	0.2	--	57	--	43	--	00:00.34	--	00:00.27	--	102	--	86
7	0:00:01.07	0:00:13.33	7	56	58	32	1	21.68670	14.20335	6.45	52.59	142	157	152	47	55	82	30	8	5	02:46.00	03:41.93	47	47	21	0	0	113	1.1	50	0.3	48	55	52	45	00:00.25	00:00.32	00:00.27	00:00.27	83	99	92	87
8	0:00:01.00	0:00:14.33	8	60	60	33	1	21.09355	14.68417	5.86	58.45	145	157	151	41	55	78	31	7	5	02:50.66	03:36.28	44	47	23	0	0	103	1.2	44	0.3	46	54	54	46	00:00.23	00:00.31	00:00.25	00:00.27	83	97	90	87
9	0:00:00.98	0:00:15.31	9	61	61	35	1	19.67011	15.00332	5.35	63.81	142	157	150	33	55	88	31	6	5	03:03.01	03:33.43	36	47	24	0	0	93	1.3	35	0.4	32	52	68	48	00:00.28	00:00.30	00:00.30	00:00.27	103	98	110	90
10	0:00:00.94	0:00:16.25	10	64	64	37	1	21.81693	15.39746	5.70	69.50	143	157	149	42	55	86	32	7	5	02:45.00	03:29.01	48	48	25	0	0	100	1.4	45	0.4	38	50	62	50	00:00.21	00:00.29	00:00.24	00:00.27	80	96	92	90
11	0:00:00.91	0:00:17.16	11	66	66	38	1	21.68145	15.73070	5.48	74.98	147	157	149	40	55	75	32	7	6	02:46.04	03:25.58	47	48	26	0	0	96	1.5	43	0.5	42	50	58	50	00:00.36	00:00.30	00:00.21	00:00.26	141	100	84	89
12	0:00:00.89	0:00:18.05	12	67	67	40	1	21.14583	15.99771	5.23	80.21	147	157	149	37	55	77	33	6	6	02:50.24	03:23.14	44	48	27	0	0	91	1.6	39	0.5	41	49	59	51	00:00.35	00:00.30	00:00.23	00:00.26	140	103	94	90
13	0:00:00.89	0:00:18.94	13	67	67	41	1	20.56204	16.21219	5.08	85.29	142	157	148	34	55	66	33	6	6	02:55.07	03:21.42	41	48	28	0	0	89	1.7	36	0.5	42	49	58	51	00:00.33	00:00.31	00:00.22	00:00.25	135	105	88	90
14	0:00:00.87	0:00:19.81	14	69	69	42	1	20.89595	16.41789	5.05	90.34	148	157	148	35	55	59	33	6	6	02:52.28	03:19.72	43	48	29	0	0	88	1.7	37	0.6	51	49	49	51	00:00.32	00:00.31	00:00.20	00:00.25	134	107	82	89
15	0:00:00.88	0:00:20.69	15	68	69	43	1	20.72350	16.60102	5.07	95.41	143	157	148	34	55	70	33	6	6	02:53.71	03:18.30	42	48	29	0	0	89	1.8	37	0.6	47	49	53	51	00:00.23	00:00.30	00:00.22	00:00.25	94	106	90	89
16	0:00:00.87	0:00:21.56	16	69	69	45	1	21.62716	16.80383	5.23	100.64	143	157	148	38	55	65	33	6	6	02:46.45	03:16.54	47	48	30	0	0	92	1.9	41	0.6	46	48	54	52	00:00.19	00:00.29	00:00.25	00:00.25	80	105	102	90
17	0:00:00.85	0:00:22.41	17	71	71	46	1	22.11402	17.00525	5.22	105.86	145	157	147	39	55	62	33	7	6	02:42.79	03:14.74	50	50	31	0	0	92	2.0	42	0.7	51	49	49	51	00:00.17	00:00.28	00:00.21	00:00.24	73	103	88	90
18	0:00:00.85	0:00:23.26	18	71	71	46	1	20.91790	17.14823	4.94	110.80	141	157	147	34	55	61	33	6	6	02:52.10	03:13.71	43	50	31	0	0	86	2.1	36	0.7	48	49	52	51	00:00.19	00:00.28	00:00.21	00:00.24	81	102	88	90
19	0:00:00.85	0:00:24.11	19	71	71	47	1	21.60834	17.30547	5.10	115.90	141	157	147	37	55	64	33	6	6	02:46.60	03:12.45	47	50	32	0	0	90	2.2	40	0.8	46	48	54	52	00:00.19	00:00.27	00:00.19	00:00.24	81	101	80	89
20	0:00:00.84	0:00:24.95	20	71	71	48	1	22.32907	17.47460	5.21	121.11	141	157	146	40	55	67	34	7	6	02:41.22	03:11.00	51	51	32	0	0	92	2.3	43	0.8	49	48	51	52	00:00.22	00:00.27	00:00.19	00:00.24	94	101	81	89
21	0:00:00.83	0:00:25.78	21	72	72	49	1	22.13615	17.62468	5.10	126.21	141	157	146	39	55	61	34	7	6	02:42.62	03:09.77	50	51	33	0	0	90	2.4	41	0.8	49	48	51	52	00:00.18	00:00.27	00:00.22	00:00.24	79	100	94	89
22	0:00:00.82	0:00:26.60	22	73	73	50	1	22.82217	17.78491	5.20	131.41	139	157	146	41	55	77	34	7	6	02:37.74	03:08.39	54	54	33	0	0	92	2.5	44	0.9	46	48	54	52	00:00.20	00:00.26	00:00.22	00:00.23	88	99	97	89
23	0:00:00.82	0:00:27.42	23	73	73	50	1	22.30039	17.91994	5.08	136.49	140	157	146	39	55	72	34	7	6	02:41.43	03:07.32	51	54	34	0	0	90	2.6	42	0.9	45	48	55	52	00:00.18	00:00.26	00:00.21	00:00.23	79	98	92	89
24	0:00:00.81	0:00:28.23	24	74	74	51	1	21.62230	18.02617	4.87	141.36	139	157	145	35	55	59	34	6	6	02:46.49	03:06.58	47	54	34	0	0	85	2.6	38	1.0	46	48	54	52	00:00.16	00:00.25	00:00.20	00:00.23	72	97	88	89
25	0:00:00.82	0:00:29.05	25	73	74	52	1	21.35041	18.12001	4.86	146.22	136	157	145	35	55	62	34	6	6	02:48.61	03:05.97	45	54	35	0	0	85	2.7	37	1.0	45	48	55	52	00:00.20	00:00.25	00:00.22	00:00.23	90	97	94	90
26	0:00:00.81	0:00:29.86	26	74	74	52	1	22.82380	18.24761	5.14	151.35	137	157	145	41	55	69	34	7	6	02:37.73	03:04.93	54	54	35	0	0	91	2.8	44	1.0	56	48	44	52	00:00.20	00:00.25	00:00.18	00:00.23	90	97	79	89
27	0:00:00.80	0:00:30.66	27	75	75	53	1	22.67845	18.36322	5.04	156.39	138	157	144	40	55	66	35	7	6	02:38.74	03:04.03	53	54	36	0	0	89	2.9	43	1.1	48	48	52	52	00:00.28	00:00.25	00:00.18	00:00.23	126	98	81	89
28	0:00:00.81	0:00:31.47	28	74	75	53	1	21.90935	18.45449	4.93	161.32	138	157	144	37	55	55	35	6	6	02:44.31	03:03.40	48	54	36	0	0	87	3.0	39	1.1	51	48	49	52	00:00.19	00:00.25	00:00.20	00:00.23	86	98	88	89
29	0:00:00.81	0:00:32.28	29	74	75	54	1	21.59890	18.53339	4.86	166.18	136	157	144	35	55	64	35	6	6	02:46.67	03:02.90	47	54	36	0	0	85	3.1	38	1.2	40	48	60	52	00:00.28	00:00.25	00:00.22	00:00.22	126	98	97	89
30	0:00:00.81	0:00:33.09	30	74	75	54	1	21.68753	18.61060	4.88	171.06	136	157	143	36	55	55	35	6	6	02:45.99	03:02.41	47	54	36	0	0	86	3.2	38	1.2	48	48	52	52	00:00.18	00:00.25	00:00.22	00:00.22	81	98	97	89
31	0:00:00.81	0:00:33.90	31	74	75	55	1	21.80563	18.68694	4.91	175.97	137	157	143	36	55	60	35	6	6	02:45.09	03:01.91	48	54	37	0	0	86	3.3	39	1.2	48	48	52	52	00:00.20	00:00.24	00:00.20	00:00.22	90	98	88	89
32	0:00:00.81	0:00:34.71	32	74	75	55	1	22.85858	18.78429	5.14	181.11	134	157	143	41	55	65	35	7	6	02:37.49	03:01.17	54	54	37	0	0	91	3.3	44	1.3	47	48	53	52	00:00.18	00:00.24	00:00.21	00:00.22	81	97	92	89
33	0:00:00.80	0:00:35.51	33	75	75	56	1	23.00971	18.87949	5.11	186.23	135	157	143	41	55	70	35	7	6	02:36.45	03:00.44	55	55	38	0	0	91	3.4	44	1.3	47	48	53	52	00:00.31	00:00.24	00:00.18	00:00.22	140	98	81	89
34	0:00:00.80	0:00:36.31	34	75	75	56	1	23.18186	18.97428	5.15	191.38	134	157	142	42	55	75	35	7	6	02:35.29	02:59.71	56	56	38	0	0	92	3.5	45	1.4	45	48	55	52	00:00.18	00:00.24	00:00.18	00:00.22	81	98	81	89
35	0:00:00.78	0:00:37.09	35	77	77	57	1	22.85478	19.05589	4.95	196.33	136	157	142	40	55	64	35	7	6	02:37.51	02:59.11	54	56	38	0	0	88	3.6	42	1.4	49	48	51	52	00:00.16	00:00.24	00:00.19	00:00.22	74	97	88	89
36	0:00:00.79	0:00:37.88	36	76	77	57	1	23.25120	19.14338	5.10	201.43	133	157	142	42	55	61	35	7	6	02:34.83	02:58.45	57	57	39	0	0	91	3.7	45	1.5	48	48	52	52	00:00.00	00:00.23	00:00.20	00:00.22	0	95	90	89
37	0:00:00.78	0:00:38.66	37	77	77	57	1	22.04333	19.20189	4.78	206.21	133	157	142	36	55	59	35	6	6	02:43.31	02:58.09	49	57	39	0	0	84	3.8	38	1.5	48	48	52	52	00:00.30	00:00.23	00:00.19	00:00.22	138	96	88	89
38	0:00:00.79	0:00:39.45	38	76	77	58	1	22.72178	19.27238	4.99	211.19	136	157	142	39	55	63	35	7	6	02:38.43	02:57.60	53	57	39	0	0	88	3.9	42	1.5	49	48	51	52	00:00.31	00:00.24	00:00.20	00:00.22	143	97	90	89
39	0:00:00.78	0:00:40.23	39	77	77	58	1	22.85474	19.34183	4.95	216.14	136	157	141	40	55	64	36	7	6	02:37.51	02:57.12	54	57	39	0	0	88	4.0	42	1.6	48	48	52	52	00:00.19	00:00.23	00:00.18	00:00.22	88	97	83	89
40	0:00:00.79	0:00:41.02	40	76	77	59	1	22.74604	19.40740	4.99	221.14	134	157	141	40	55	73	36	7	6	02:38.26	02:56.67	54	57	40	0	0	88	4.1	42	1.6	45	48	55	52	00:00.32	00:00.24	00:00.20	00:00.22	148	98	90	89
41	0:00:00.78	0:00:41.80	41	77	77	59	1	22.48611	19.46484	4.87	226.01	135	157	141	38	55	59	36	6	6	02:40.09	02:56.30	52	57	40	0	0	86	4.1	40	1.7	51	48	49	52	00:00.19	00:00.24	00:00.20	00:00.21	90	98	90	89
42	0:00:00.78	0:00:42.58	42	77	77	59	1	23.07816	19.53104	5.00	231.01	134	157	141	41	55	64	36	7	6	02:35.99	02:55.83	56	57	40	0	0	89	4.2	43	1.7	48	48	52	52	00:00.19	00:00.23	00:00.21	00:00.21	88	98	97	89
43	0:00:00.78	0:00:43.36	43	77	77	60	1	22.80112	19.58986	4.94	235.95	131	157	141	39	55	55	36	7	6	02:37.88	02:55.44	54	57	41	0	0	88	4.3	42	1.8	53	48	47	52	00:00.32	00:00.24	00:00.19	00:00.21	148	99	88	89
44	0:00:00.78	0:00:44.14	44	77	77	60	1	23.08909	19.65170	5.00	240.95	137	157	141	41	55	59	36	7	6	02:35.91	02:55.01	56	57	41	0	0	89	4.4	44	1.8	52	48	48	52	00:00.18	00:00.23	00:00.17	00:00.21	83	98	78	89
45	0:00:00.78	0:00:44.92	45	77	77	60	1	22.48845	19.70095	4.87	245.82	133	157	140	38	55	51	36	6	6	02:40.08	02:54.71	52	57	41	0	0	86	4.5	41	1.8	50	48	50	52	00:00.30	00:00.24	00:00.20	00:00.21	142	99	90	89
46	0:00:00.77	0:00:45.69	46	78	78	60	1	23.46667	19.76442	5.02	250.84	132	157	140	42	55	62	36	7	6	02:33.40	02:54.25	58	58	41	0	0	90	4.6	45	1.9	53	48	47	52	00:00.29	00:00.24	00:00.18	00:00.21	137	100	83	89
47	0:00:00.78	0:00:46.47	47	77	78	61	1	22.99390	19.81862	4.98	255.83	134	157	140	40	55	61	36	7	6	02:36.56	02:53.89	55	58	42	0	0	89	4.7	43	1.9	50	48	50	52	00:00.18	00:00.24	00:00.21	00:00.21	85	100	95	89
48	0:00:00.77	0:00:47.24	48	78	78	61	1	22.44587	19.86145	4.80	260.63	134	157	140	37	55	55	36	6	6	02:40.38	02:53.63	52	58	42	0	0	85	4.8	40	2.0	51	48	49	52	00:00.16	00:00.23	00:00.19	00:00.21	76	99	88	89
49	0:00:00.78	0:00:48.02	49	77	78	61	1	23.11235	19.91425	5.01	265.63	131	157	140	41	55	60	36	7	6	02:35.76	02:53.28	56	58	42	0	0	89	4.8	44	2.0	52	48	48	52	00:00.30	00:00.24	00:00.19	00:00.21	138	100	88	89
50	0:00:00.77	0:00:48.79	50	78	78	61	1	23.16508	19.96556	4.95	270.59	132	157	140	41	55	65	36	7	6	02:35.40	02:52.93	56	58	42	0	0	88	4.9	43	2.1	54	49	46	51	00:00.30	00:00.24	00:00.20	00:00.21	142	101	92	89
51	0:00:00.77	0:00:49.56	51	78	78	62	1	23.18712	20.01561	4.96	275.55	132	157	139	41	55	62	36	7	6	02:35.25	02:52.60	56	58	42	0	0	88	5.0	43	2.1	51	49	49	51	00:00.17	00:00.24	00:00.19	00:00.21	81	100	88	89
52	0:00:00.77	0:00:50.33	52	78	78	62	1	22.51804	20.05389	4.82	280.36	133	157	139	38	55	54	36	6	6	02:39.87	02:52.37	52	58	43	0	0	85	5.1	40	2.1	52	49	48	51	00:00.19	00:00.23	00:00.34	00:00.21	90	100	157	90
53	0:00:00.78	0:00:51.11	53	77	78	62	1	23.12656	20.10079	5.01	285.38	136	157	139	41	55	60	36	7	6	02:35.66	02:52.06	56	58	43	0	0	89	5.2	44	2.2	53	49	47	51	00:00.19	00:00.23	00:00.33	00:00.21	88	100	152	91
54	0:00:00.77	0:00:51.88	54	78	78	62	1	21.71802	20.12479	4.65	290.02	132	157	139	34	55	48	36	6	6	02:45.76	02:51.96	47	58	43	0	0	82	5.3	36	2.2	51	49	49	51	00:00.17	00:00.23	00:00.37	00:00.22	81	100	171	92
55	0:00:00.79	0:00:52.67	55	76	78	63	1	22.20182	20.15594	4.87	294.89	132	157	139	37	55	54	36	6	6	02:42.14	02:51.80	50	58	43	0	0	86	5.4	40	2.3	45	49	55	51	00:00.00	00:00.23	00:00.18	00:00.22	0	98	81	92
56	0:00:00.78	0:00:53.45	56	77	78	63	1	22.30718	20.18734	4.83	299.73	132	157	139	37	55	57	36	6	6	02:41.38	02:51.63	51	58	43	0	0	85	5.4	40	2.3	51	49	49	51	00:00.30	00:00.23	00:00.18	00:00.22	138	99	83	92
57	0:00:00.79	0:00:54.24	57	76	78	63	1	23.15770	20.23060	5.08	304.81	132	157	139	42	55	69	37	7	6	02:35.45	02:51.35	56	58	43	0	0	90	5.5	44	2.3	47	49	53	51	00:00.33	00:00.23	00:00.18	00:00.21	152	99	81	92
58	0:00:00.78	0:00:55.02	58	77	78	63	1	23.20485	20.27276	5.03	309.84	132	157	139	41	55	63	37	7	6	02:35.13	02:51.07	57	58	43	0	0	90	5.6	44	2.4	50	49	50	51	00:00.17	00:00.23	00:00.21	00:00.21	78	99	97	92
59	0:00:00.78	0:00:55.80	59	77	78	63	1	23.58160	20.31902	5.11	314.94	133	157	138	43	55	69	37	7	6	02:32.66	02:50.75	59	59	44	0	0	91	5.7	46	2.4	50	49	50	51	00:00.30	00:00.23	00:00.19	00:00.21	138	100	88	92
60	0:00:00.76	0:00:56.56	60	79	79	64	1	23.61929	20.36336	4.99	319.93	131	157	138	42	55	59	37	7	6	02:32.41	02:50.45	59	59	44	0	0	89	5.8	45	2.5	54	49	46	51	00:00.18	00:00.23	00:00.19	00:00.21	85	100	90	92
61	0:00:00.77	0:00:57.33	61	78	79	64	1	23.67256	20.40781	5.06	324.99	133	157	138	43	55	59	37	7	6	02:32.07	02:50.14	60	60	44	0	0	91	5.9	46	2.5	53	49	47	51	00:00.17	00:00.23	00:00.19	00:00.21	81	99	88	92
62	0:00:00.76	0:00:58.09	62	79	79	64	1	23.90051	20.45350	5.05	330.04	133	157	138	44	55	60	37	7	6	02:30.62	02:49.82	61	61	44	0	0	91	6.0	47	2.6	50	49	50	51	00:00.18	00:00.23	00:00.19	00:00.21	88	99	88	92
63	0:00:00.75	0:00:58.84	63	80	80	64	1	23.17526	20.48820	4.83	334.87	129	157	138	40	55	57	37	7	6	02:35.33	02:49.60	56	61	44	0	0	86	6.1	42	2.6	53	49	47	51	00:00.32	00:00.23	00:00.33	00:00.21	156	100	156	93
64	0:00:00.76	0:00:59.60	64	79	80	64	1	22.78916	20.51754	4.81	339.68	130	157	138	38	55	63	37	7	6	02:37.96	02:49.44	54	61	45	0	0	85	6.2	41	2.7	57	49	43	51	00:00.17	00:00.23	00:00.35	00:00.22	81	100	166	94
65	0:00:00.77	0:01:00.37	65	78	80	65	1	22.63547	20.54455	4.84	344.52	130	157	138	38	55	55	37	6	6	02:39.04	02:49.29	53	61	45	0	0	86	6.2	41	2.7	50	49	50	51	00:00.30	00:00.23	00:00.32	00:00.22	142	100	148	95
66	0:00:00.76	0:01:01.13	66	79	80	65	1	23.44083	20.58056	4.95	349.47	128	157	138	41	55	61	37	7	6	02:33.57	02:49.05	58	61	45	0	0	88	6.3	44	2.7	53	49	47	51	00:00.31	00:00.23	00:00.19	00:00.22	147	101	90	94
67	0:00:00.77	0:01:01.90	67	78	80	65	1	23.21675	20.61335	4.97	354.44	134	157	138	41	55	60	37	7	6	02:35.06	02:48.85	57	61	45	0	0	88	6.4	44	2.8	49	49	51	51	00:00.00	00:00.23	00:00.19	00:00.22	0	99	88	94
68	0:00:00.76	0:01:02.66	68	79	80	65	1	22.68341	20.63846	4.79	359.22	132	157	137	38	55	59	37	6	6	02:38.70	02:48.71	53	61	45	0	0	85	6.5	40	2.8	46	49	54	51	00:00.31	00:00.23	00:00.20	00:00.22	147	100	95	94
69	0:00:00.77	0:01:03.43	69	78	80	65	1	23.00809	20.66722	4.92	364.15	132	157	137	40	55	61	37	7	6	02:36.46	02:48.54	55	61	45	0	0	87	6.6	43	2.9	49	49	51	51	00:00.30	00:00.23	00:00.20	00:00.22	142	101	92	94
70	0:00:00.76	0:01:04.19	70	79	80	65	1	23.79041	20.70420	5.02	369.17	131	157	137	43	55	77	37	7	6	02:31.32	02:48.29	60	61	45	0	0	90	6.7	46	2.9	59	49	41	51	00:00.17	00:00.23	00:00.19	00:00.22	81	100	90	94
71	0:00:00.76	0:01:04.95	71	79	80	66	1	23.71568	20.73944	5.01	374.17	131	157	137	43	55	64	37	7	6	02:31.79	02:48.06	60	61	46	0	0	90	6.8	46	3.0	57	49	43	51	00:00.17	00:00.23	00:00.19	00:00.22	81	100	90	94
72	0:00:00.76	0:01:05.71	72	79	80	66	1	24.40893	20.78188	5.15	379.33	131	157	137	46	55	65	37	8	6	02:27.48	02:47.75	65	65	46	0	0	93	6.9	49	3.0	51	49	49	51	00:00.18	00:00.23	00:00.19	00:00.21	85	100	90	94
73	0:00:00.74	0:01:06.45	73	81	81	66	1	24.64442	20.82490	5.07	384.39	131	157	137	46	55	76	37	8	6	02:26.07	02:47.44	67	67	46	0	0	92	7.0	49	3.1	52	49	48	51	00:00.16	00:00.23	00:00.18	00:00.21	78	100	88	94
74	0:00:00.75	0:01:07.20	74	80	81	66	1	22.98620	20.84902	4.79	389.18	131	157	137	39	55	55	37	7	6	02:36.61	02:47.30	55	67	46	0	0	85	7.0	41	3.1	50	49	50	51	00:00.17	00:00.22	00:00.20	00:00.21	83	99	95	94
75	0:00:00.74	0:01:07.94	75	81	81	66	1	24.71957	20.89118	5.08	394.26	134	157	137	46	55	76	38	8	6	02:25.63	02:47.00	67	67	46	0	0	92	7.1	50	3.1	56	50	44	50	00:00.17	00:00.22	00:00.32	00:00.22	83	99	156	95
76	0:00:00.74	0:01:08.68	76	81	81	66	1	24.38015	20.92877	5.01	399.27	130	157	137	45	55	66	38	8	6	02:27.66	02:46.74	65	67	47	0	0	91	7.2	48	3.2	55	50	45	50	00:00.18	00:00.22	00:00.33	00:00.22	88	99	161	96
77	0:00:00.74	0:01:09.42	77	81	81	67	1	23.86146	20.96003	4.90	404.18	130	157	137	42	55	62	38	7	6	02:30.87	02:46.53	61	67	47	0	0	88	7.3	45	3.2	49	50	51	50	00:00.18	00:00.22	00:00.20	00:00.22	90	99	95	96
78	0:00:00.73	0:01:10.15	78	82	82	67	1	24.36788	20.99549	4.94	409.12	127	157	137	44	55	71	38	7	6	02:27.73	02:46.29	65	67	47	0	0	89	7.4	47	3.3	58	50	42	50	00:00.17	00:00.22	00:00.32	00:00.22	85	99	156	96
79	0:00:00.74	0:01:10.89	79	81	82	67	1	23.21091	21.01862	4.77	413.89	129	157	136	39	55	63	38	7	6	02:35.09	02:46.15	57	67	47	0	0	85	7.5	42	3.3	54	50	46	50	00:00.17	00:00.22	00:00.31	00:00.22	85	99	147	97
80	0:00:00.73	0:01:11.62	80	82	82	67	1	24.32377	21.05231	4.93	418.82	132	157	136	44	55	84	38	7	6	02:28.00	02:45.93	64	67	47	0	0	89	7.6	47	3.4	58	50	42	50	00:00.18	00:00.22	00:00.18	00:00.22	90	99	88	97
81	0:00:00.74	0:01:12.36	81	81	82	67	1	23.22340	21.07451	4.77	423.60	132	157	136	39	55	64	38	7	6	02:35.01	02:45.80	57	67	47	0	0	85	7.7	42	3.4	47	50	53	50	00:00.18	00:00.22	00:00.29	00:00.22	88	98	141	97
82	0:00:00.75	0:01:13.11	82	80	82	67	1	23.70701	21.10152	4.94	428.54	126	157	136	42	55	70	38	7	6	02:31.85	02:45.63	60	67	47	0	0	89	7.8	45	3.5	50	50	50	50	00:00.17	00:00.22	00:00.19	00:00.22	83	98	90	97
83	0:00:00.74	0:01:13.85	83	81	82	67	1	24.03226	21.13088	4.94	433.48	127	157	136	43	55	59	38	7	6	02:29.79	02:45.44	62	67	48	0	0	89	7.8	46	3.5	50	50	50	50	00:00.00	00:00.22	00:00.20	00:00.22	0	97	95	97
84	0:00:00.73	0:01:14.58	84	82	82	68	1	24.74308	21.16624	5.02	438.49	127	157	136	46	55	72	38	8	6	02:25.49	02:45.19	67	67	48	0	0	91	7.9	49	3.6	53	50	47	50	00:00.17	00:00.22	00:00.20	00:00.22	85	97	97	97
85	0:00:00.74	0:01:15.32	85	81	82	68	1	24.04243	21.19450	4.94	443.44	127	157	136	43	55	64	38	7	6	02:29.73	02:45.01	62	67	48	0	0	89	8.0	46	3.6	54	50	46	50	00:00.17	00:00.22	00:00.31	00:00.22	83	97	151	98
86	0:00:00.73	0:01:16.05	86	82	82	68	1	24.20180	21.22336	4.91	448.34	129	157	136	43	55	73	38	7	6	02:28.74	02:44.82	63	67	48	0	0	89	8.1	46	3.6	55	50	45	50	00:00.16	00:00.21	00:00.33	00:00.22	80	97	161	98
87	0:00:00.73	0:01:16.78	87	82	82	68	1	22.93794	21.23967	4.65	452.99	129	157	136	37	55	56	38	6	6	02:36.94	02:44.74	55	67	48	0	0	83	8.2	40	3.7	53	50	47	50	00:00.00	00:00.21	00:00.32	00:00.22	0	96	156	99
88	0:00:00.74	0:01:17.52	88	81	82	68	1	24.03236	21.26632	4.94	457.93	129	157	136	43	55	65	38	7	6	02:29.79	02:44.57	62	67	48	0	0	89	8.3	46	3.7	53	50	47	50	00:00.18	00:00.21	00:00.32	00:00.22	88	96	156	100
89	0:00:00.75	0:01:18.27	89	80	82	68	1	22.60421	21.27914	4.71	462.64	125	157	135	37	55	59	38	6	6	02:39.26	02:44.51	53	67	48	0	0	83	8.4	39	3.8	53	50	47	50	00:00.28	00:00.21	00:00.34	00:00.22	136	96	161	100
90	0:00:00.74	0:01:19.01	90	81	82	68	1	24.80541	21.31217	5.10	467.74	127	157	135	47	55	74	38	8	7	02:25.12	02:44.28	68	68	48	0	0	93	8.5	50	3.8	56	50	44	50	00:00.18	00:00.21	00:00.33	00:00.23	90	96	156	101
91	0:00:00.73	0:01:19.74	91	82	82	68	1	24.24150	21.33899	4.92	472.66	125	157	135	43	55	58	38	7	7	02:28.50	02:44.11	64	68	49	0	0	89	8.5	46	3.9	53	50	47	50	00:00.17	00:00.21	00:00.32	00:00.23	85	96	156	101
92	0:00:00.74	0:01:20.48	92	81	82	69	1	24.10010	21.36438	4.95	477.61	125	157	135	43	55	64	38	7	7	02:29.37	02:43.95	63	68	49	0	0	89	8.6	46	3.9	52	50	48	50	00:00.15	00:00.21	00:00.33	00:00.23	73	96	161	102
93	0:00:00.73	0:01:21.21	93	82	82	69	1	23.81977	21.38645	4.83	482.44	125	157	135	41	55	66	38	7	7	02:31.13	02:43.81	61	68	49	0	0	87	8.7	44	4.0	50	50	50	50	00:00.17	00:00.21	00:00.20	00:00.23	85	96	97	102
94	0:00:00.73	0:01:21.94	94	82	82	69	1	25.18978	21.42033	5.11	487.55	125	157	135	48	55	85	38	8	7	02:22.91	02:43.57	71	71	49	0	0	94	8.8	52	4.0	55	50	45	50	00:00.17	00:00.21	00:00.28	00:00.23	83	96	140	102
95	0:00:00.73	0:01:22.67	95	82	82	69	1	24.22464	21.44509	4.91	492.46	126	157	135	43	55	62	38	7	7	02:28.60	02:43.42	64	71	49	0	0	89	8.9	46	4.1	50	50	50	50	00:00.18	00:00.21	00:00.29	00:00.23	90	95	141	103
96	0:00:00.73	0:01:23.40	96	82	82	69	1	24.37118	21.47071	4.94	497.40	126	157	135	44	55	67	39	8	7	02:27.71	02:43.25	65	71	49	0	0	89	9.0	47	4.1	50	50	50	50	00:00.17	00:00.21	00:00.18	00:00.23	85	95	88	103
97	0:00:00.73	0:01:24.13	97	82	82	69	1	23.35065	21.48702	4.73	502.14	124	157	135	39	55	59	39	7	7	02:34.17	02:43.16	57	71	49	0	0	84	9.1	42	4.1	48	50	52	50	00:00.31	00:00.21	00:00.18	00:00.23	155	96	88	102
98	0:00:00.73	0:01:24.86	98	82	82	69	1	23.79210	21.50685	4.82	506.96	124	157	134	41	55	88	39	7	7	02:31.31	02:43.04	60	71	49	0	0	87	9.2	44	4.2	59	50	41	50	00:00.16	00:00.21	00:00.33	00:00.23	80	96	161	103
99	0:00:00.73	0:01:25.59	99	82	82	69	1	24.45173	21.53197	4.96	511.92	124	157	134	45	55	68	39	8	7	02:27.22	02:42.88	65	71	50	0	0	90	9.3	48	4.2	49	50	51	50	00:00.17	00:00.21	00:00.18	00:00.23	85	96	88	103
100	0:00:00.73	0:01:26.32	100	82	82	70	1	23.71112	21.55039	4.81	516.73	124	157	134	41	55	60	39	7	7	02:31.82	02:42.77	60	71	50	0	0	86	9.3	44	4.3	49	50	51	50	00:00.16	00:00.21	00:00.31	00:00.23	80	96	151	103
101	0:00:00.74	0:01:27.06	101	81	82	70	1	24.08033	21.57190	4.95	521.68	126	157	134	43	55	62	39	7	7	02:29.49	02:42.64	62	71	50	0	0	89	9.4	46	4.3	53	50	47	50	00:00.17	00:00.21	00:00.30	00:00.23	83	95	146	104
102	0:00:00.72	0:01:27.78	102	83	83	70	1	25.28911	21.60239	5.06	526.74	125	157	134	48	55	95	39	8	7	02:22.35	02:42.43	71	71	50	0	0	93	9.5	51	4.4	55	50	45	50	00:00.16	00:00.21	00:00.16	00:00.23	80	95	80	103
103	0:00:00.73	0:01:28.51	103	82	83	70	1	24.27620	21.62444	4.92	531.66	126	157	134	44	55	69	39	7	7	02:28.29	02:42.29	64	71	50	0	0	89	9.6	47	4.4	45	50	55	50	00:00.00	00:00.21	00:00.17	00:00.23	0	94	83	103
104	0:00:00.73	0:01:29.24	104	82	83	70	1	23.56748	21.64034	4.78	536.44	126	157	134	40	55	59	39	7	7	02:32.75	02:42.20	59	71	50	0	0	85	9.7	43	4.5	47	50	53	50	00:00.18	00:00.20	00:00.18	00:00.23	90	94	88	103
105	0:00:00.73	0:01:29.97	105	82	83	70	1	23.77444	21.65765	4.82	541.26	126	157	134	41	55	64	39	7	7	02:31.42	02:42.10	60	71	50	0	0	86	9.8	44	4.5	52	50	48	50	00:00.18	00:00.20	00:00.18	00:00.23	90	94	88	103
106	0:00:00.73	0:01:30.70	106	82	83	70	1	23.17803	21.66989	4.70	545.96	126	157	134	39	55	57	39	7	7	02:35.31	02:42.04	56	71	50	0	0	84	9.9	41	4.6	52	50	48	50	00:00.17	00:00.20	00:00.18	00:00.23	85	94	88	103
107	0:00:00.74	0:01:31.44	107	81	83	70	1	23.73739	21.68662	4.88	550.84	126	157	134	42	55	68	39	7	7	02:31.65	02:41.95	60	71	50	0	0	87	10.0	44	4.6	54	50	46	50	00:00.18	00:00.20	00:00.31	00:00.23	88	94	151	103
108	0:00:00.73	0:01:32.17	108	82	83	70	1	24.58746	21.70959	4.99	555.83	125	157	134	45	55	75	39	8	7	02:26.41	02:41.80	66	71	50	0	0	90	10.0	48	4.6	54	50	46	50	00:00.16	00:00.20	00:00.32	00:00.23	80	94	156	104
109	0:00:00.74	0:01:32.91	109	81	83	70	1	23.42820	21.72328	4.82	560.64	123	157	133	40	55	59	39	7	7	02:33.66	02:41.73	58	71	51	0	0	86	10.1	43	4.7	52	50	48	50	00:00.18	00:00.20	00:00.32	00:00.23	88	94	156	104
110	0:00:00.74	0:01:33.65	110	81	83	70	1	23.45581	21.73697	4.82	565.46	123	157	133	40	55	65	39	7	7	02:33.48	02:41.66	58	71	51	0	0	86	10.2	43	4.7	48	50	52	50	00:00.18	00:00.20	00:00.31	00:00.23	90	94	147	104
111	0:00:00.74	0:01:34.39	111	81	83	71	1	23.90072	21.75394	4.91	570.38	124	157	133	42	55	64	39	7	7	02:30.62	02:41.56	61	71	51	0	0	88	10.3	45	4.8	51	50	49	50	00:00.16	00:00.20	00:00.17	00:00.23	78	94	83	104
112	0:00:00.74	0:01:35.13	112	81	83	71	1	24.22913	21.77319	4.98	575.36	124	157	133	44	55	69	39	7	7	02:28.58	02:41.44	64	71	51	0	0	90	10.4	47	4.8	52	50	48	50	00:00.17	00:00.20	00:00.32	00:00.23	83	94	156	105
113	0:00:00.73	0:01:35.86	113	82	83	71	1	24.33545	21.79270	4.93	580.29	124	157	133	44	55	74	39	7	7	02:27.93	02:41.32	64	71	51	0	0	89	10.5	47	4.9	48	50	52	50	00:00.18	00:00.20	00:00.20	00:00.23	90	94	97	105
114	0:00:00.74	0:01:36.60	114	81	83	71	1	23.20996	21.80356	4.77	585.06	124	157	133	39	55	55	39	7	7	02:35.10	02:41.27	57	71	51	0	0	85	10.6	42	4.9	53	50	47	50	00:00.18	00:00.20	00:00.32	00:00.23	88	94	156	105
115	0:00:00.74	0:01:37.34	115	81	83	71	1	23.76135	21.81844	4.88	589.95	124	157	133	42	55	66	39	7	7	02:31.50	02:41.19	60	71	51	0	0	88	10.7	45	5.0	55	50	45	50	00:00.17	00:00.20	00:00.18	00:00.23	83	94	88	105
116	0:00:00.74	0:01:38.08	116	81	83	71	1	24.19737	21.83639	4.97	594.92	127	157	133	44	55	68	39	7	7	02:28.77	02:41.08	63	71	51	0	0	90	10.7	47	5.0	54	50	46	50	00:00.18	00:00.20	00:00.18	00:00.23	88	94	88	105
117	0:00:00.74	0:01:38.82	117	81	83	71	1	24.44724	21.85594	5.03	599.95	127	157	133	45	55	77	39	8	7	02:27.25	02:40.95	65	71	51	0	0	91	10.8	48	5.1	47	50	53	50	00:00.18	00:00.20	00:00.18	00:00.23	88	94	88	105
118	0:00:00.74	0:01:39.56	118	81	83	71	1	22.20602	21.85854	4.56	604.51	127	157	133	35	55	58	39	6	7	02:42.11	02:40.96	50	71	51	0	0	80	10.9	37	5.1	43	50	57	50	00:00.30	00:00.20	00:00.19	00:00.23	150	94	90	105
119	0:00:00.74	0:01:40.30	119	81	83	71	1	24.07001	21.87486	4.95	609.46	123	157	133	43	55	69	39	7	7	02:29.56	02:40.87	62	71	51	0	0	89	11.0	46	5.1	57	50	43	50	00:00.18	00:00.20	00:00.18	00:00.23	88	94	88	104
120	0:00:00.74	0:01:41.04	120	81	83	71	1	24.45693	21.89377	5.03	614.49	126	157	133	45	55	73	39	8	7	02:27.19	02:40.75	65	71	51	0	0	91	11.1	48	5.2	53	50	47	50	00:00.18	00:00.20	00:00.18	00:00.23	88	94	88	104
121	0:00:00.74	0:01:41.78	121	81	83	71	1	24.27018	21.91105	4.99	619.47	122	157	133	44	55	62	39	8	7	02:28.33	02:40.64	64	71	51	0	0	90	11.2	47	5.2	49	50	51	50	00:00.31	00:00.20	00:00.32	00:00.23	151	94	156	105
122	0:00:00.73	0:01:42.51	122	82	83	71	1	24.27504	21.92788	4.92	624.40	122	157	132	44	55	71	39	7	7	02:28.30	02:40.54	64	71	52	0	0	89	11.3	47	5.3	58	50	42	50	00:00.16	00:00.20	00:00.17	00:00.23	80	94	83	105
123	0:00:00.73	0:01:43.24	123	82	83	71	1	23.60542	21.93975	4.79	629.18	122	157	132	40	55	76	39	7	7	02:32.50	02:40.48	59	71	52	0	0	86	11.4	43	5.3	60	51	40	49	00:00.17	00:00.20	00:00.19	00:00.23	85	94	92	104
124	0:00:00.74	0:01:43.98	124	81	83	72	1	24.18202	21.95570	4.97	634.15	122	157	132	44	55	79	39	7	7	02:28.87	02:40.38	63	71	52	0	0	90	11.5	47	5.4	43	50	57	50	00:00.29	00:00.20	00:00.19	00:00.23	141	94	92	104
125	0:00:00.73	0:01:44.71	125	82	83	72	1	25.02401	21.97709	5.07	639.23	123	157	132	47	55	82	39	8	7	02:23.86	02:40.24	69	71	52	0	0	93	11.5	51	5.4	53	50	47	50	00:00.17	00:00.20	00:00.18	00:00.23	85	94	88	104
126	0:00:00.73	0:01:45.44	126	82	83	72	1	24.52576	21.99474	4.97	644.20	123	157	132	45	55	72	39	8	7	02:26.78	02:40.13	66	71	52	0	0	90	11.6	48	5.5	52	50	48	50	00:00.18	00:00.20	00:00.18	00:00.23	90	94	88	104
127	0:00:00.72	0:01:46.16	127	83	83	72	1	24.11321	22.00911	4.82	649.02	123	157	132	42	55	61	39	7	7	02:29.29	02:40.05	63	71	52	0	0	87	11.7	45	5.5	51	50	49	50	00:00.26	00:00.20	00:00.32	00:00.23	134	95	156	104
128	0:00:00.73	0:01:46.89	128	82	83	72	1	23.82319	22.02150	4.83	653.85	122	157	132	41	55	66	39	7	7	02:31.11	02:39.98	61	71	52	0	0	87	11.8	44	5.6	46	50	54	50	00:00.29	00:00.20	00:00.18	00:00.23	145	95	88	104
129	0:00:00.73	0:01:47.62	129	82	83	72	1	25.03157	22.04191	5.08	658.93	121	157	132	47	55	81	39	8	7	02:23.81	02:39.85	69	71	52	0	0	93	11.9	51	5.6	49	50	51	50	00:00.18	00:00.20	00:00.18	00:00.23	90	95	88	104
130	0:00:00.72	0:01:48.34	130	83	83	72	1	24.47209	22.05806	4.89	663.83	121	157	132	44	55	70	39	7	7	02:27.10	02:39.75	65	71	52	0	0	89	12.0	47	5.7	52	50	48	50	00:00.17	00:00.20	00:00.18	00:00.23	87	95	88	104
131	0:00:00.72	0:01:49.06	131	83	83	72	1	24.38023	22.07340	4.88	668.70	121	157	132	44	55	61	40	7	7	02:27.66	02:39.66	65	71	52	0	0	88	12.1	47	5.7	51	50	49	50	00:00.17	00:00.20	00:00.32	00:00.23	87	95	156	104
132	0:00:00.72	0:01:49.78	132	83	83	72	1	24.24867	22.08766	4.85	673.55	120	157	132	43	55	72	40	7	7	02:28.46	02:39.57	64	71	52	0	0	88	12.2	46	5.8	54	50	46	50	00:00.17	00:00.20	00:00.17	00:00.23	85	95	85	104
133	0:00:00.72	0:01:50.50	133	83	83	72	1	24.61181	22.10411	4.92	678.47	122	157	131	45	55	75	40	8	7	02:26.27	02:39.47	66	71	52	0	0	89	12.3	48	5.8	53	51	47	49	00:00.17	00:00.20	00:00.19	00:00.23	85	95	95	104
134	0:00:00.72	0:01:51.22	134	83	83	72	1	24.10752	22.11708	4.82	683.29	122	157	131	42	55	64	40	7	7	02:29.33	02:39.40	63	71	53	0	0	87	12.3	45	5.8	53	51	47	49	00:00.30	00:00.20	00:00.31	00:00.23	150	95	155	105
135	0:00:00.73	0:01:51.95	135	82	83	72	1	23.65659	22.12712	4.80	688.09	120	157	131	41	55	74	40	7	7	02:32.17	02:39.34	60	71	53	0	0	86	12.4	43	5.9	57	51	43	49	00:00.18	00:00.20	00:00.32	00:00.23	90	95	156	105
136	0:00:00.73	0:01:52.68	136	82	83	72	1	23.23028	22.13426	4.71	692.80	123	157	131	39	55	63	40	7	7	02:34.97	02:39.31	57	71	53	0	0	84	12.5	41	5.9	55	51	45	49	00:00.17	00:00.20	00:00.30	00:00.23	85	95	146	105
137	0:00:00.73	0:01:53.41	137	82	83	72	1	23.89583	22.14560	4.85	697.65	123	157	131	42	55	65	40	7	7	02:30.65	02:39.25	61	71	53	0	0	87	12.6	45	6.0	46	51	54	49	00:00.30	00:00.20	00:00.20	00:00.23	150	95	97	105
138	0:00:00.74	0:01:54.15	138	81	83	73	1	24.21755	22.15903	4.98	702.63	123	157	131	44	55	72	40	7	7	02:28.65	02:39.17	63	71	53	0	0	90	12.7	47	6.0	52	51	48	49	00:00.17	00:00.20	00:00.18	00:00.23	83	95	88	105
139	0:00:00.73	0:01:54.88	139	82	83	73	1	24.45158	22.17360	4.96	707.58	121	157	131	45	55	77	40	8	7	02:27.22	02:39.09	65	71	53	0	0	90	12.8	48	6.1	54	51	46	49	00:00.16	00:00.20	00:00.18	00:00.23	80	95	88	105
140	0:00:00.73	0:01:55.61	140	82	83	73	1	23.24153	22.18035	4.71	712.30	119	157	131	39	55	59	40	7	7	02:34.89	02:39.06	57	71	53	0	0	84	12.9	41	6.1	48	51	52	49	00:00.27	00:00.20	00:00.18	00:00.23	135	95	88	105
141	0:00:00.74	0:01:56.35	141	81	83	73	1	24.13197	22.19276	4.96	717.26	119	157	131	44	55	65	40	7	7	02:29.17	02:38.99	63	71	53	0	0	89	13.0	47	6.2	51	51	49	49	00:00.30	00:00.20	00:00.17	00:00.23	146	96	83	105
142	0:00:00.73	0:01:57.08	142	82	83	73	1	23.91956	22.20353	4.85	722.11	119	157	131	42	55	74	40	7	7	02:30.50	02:38.93	61	71	53	0	0	87	13.0	45	6.2	56	51	44	49	00:00.18	00:00.20	00:00.17	00:00.22	90	96	83	105
143	0:00:00.74	0:01:57.82	143	81	83	73	1	23.89472	22.21415	4.91	727.02	121	157	131	42	55	70	40	7	7	02:30.66	02:38.87	61	71	53	0	0	88	13.1	45	6.2	49	51	51	49	00:00.29	00:00.20	00:00.18	00:00.22	141	96	88	104
144	0:00:00.73	0:01:58.55	144	82	83	73	1	24.71826	22.22957	5.01	732.03	119	157	131	46	55	77	40	8	7	02:25.64	02:38.78	67	71	53	0	0	91	13.2	49	6.3	54	51	46	49	00:00.17	00:00.20	00:00.18	00:00.22	85	96	88	104
145	0:00:00.73	0:01:59.28	145	82	83	73	1	23.79788	22.23917	4.83	736.86	119	157	131	41	55	62	40	7	7	02:31.27	02:38.73	61	71	53	0	0	87	13.3	44	6.3	53	51	47	49	00:00.18	00:00.20	00:00.17	00:00.22	90	96	83	104
146	0:00:00.74	0:02:00.02	146	81	83	73	1	23.14325	22.24474	4.76	741.61	119	157	130	39	55	68	40	7	7	02:35.55	02:38.71	56	71	53	0	0	85	13.4	42	6.4	44	51	56	49	00:00.30	00:00.20	00:00.18	00:00.22	146	96	88	104
147	0:00:00.73	0:02:00.75	147	82	83	73	1	25.19264	22.26256	5.11	746.72	119	157	130	48	55	81	40	8	7	02:22.89	02:38.59	71	71	53	0	0	94	13.5	52	6.4	51	51	49	49	00:00.18	00:00.20	00:00.18	00:00.22	90	96	88	104
148	0:00:00.73	0:02:01.48	148	82	83	73	1	25.50692	22.28206	5.17	751.90	119	157	130	50	55	83	40	8	7	02:21.13	02:38.46	73	73	53	0	0	95	13.6	53	6.5	49	51	51	49	00:00.18	00:00.20	00:00.18	00:00.22	90	96	88	104
149	0:00:00.72	0:02:02.20	149	83	83	73	1	23.75893	22.29076	4.75	756.65	120	157	130	41	55	59	40	7	7	02:31.52	02:38.41	60	73	53	0	0	85	13.7	43	6.5	53	51	47	49	00:00.29	00:00.20	00:00.19	00:00.22	149	97	92	104
150	0:00:00.72	0:02:02.92	150	83	83	73	1	24.69221	22.30483	4.94	761.59	119	157	130	45	55	70	40	8	7	02:25.79	02:38.33	67	73	54	0	0	90	13.8	48	6.6	54	51	46	49	00:00.18	00:00.20	00:00.31	00:00.22	90	96	155	104
151	0:00:00.72	0:02:03.64	151	83	83	73	1	24.12863	22.31545	4.83	766.41	119	157	130	42	55	72	40	7	7	02:29.20	02:38.27	63	73	54	0	0	87	13.8	45	6.6	48	51	52	49	00:00.30	00:00.20	00:00.18	00:00.22	150	97	90	104
152	0:00:00.73	0:02:04.37	152	82	83	73	1	23.18362	22.32054	4.70	771.11	119	157	130	39	55	62	40	7	7	02:35.28	02:38.25	56	73	54	0	0	84	13.9	41	6.7	54	51	46	49	00:00.18	00:00.20	00:00.31	00:00.22	90	97	151	104
153	0:00:00.73	0:02:05.10	153	82	83	73	1	24.20740	22.33155	4.91	776.02	118	157	130	43	55	67	40	7	7	02:28.71	02:38.19	63	73	54	0	0	89	14.0	46	6.7	53	51	47	49	00:00.18	00:00.20	00:00.32	00:00.22	90	97	156	105
154	0:00:00.73	0:02:05.83	154	82	83	73	1	23.58469	22.33882	4.78	780.80	119	157	130	40	55	61	40	7	7	02:32.64	02:38.15	59	73	54	0	0	86	14.1	43	6.8	54	51	46	49	00:00.18	00:00.20	00:00.32	00:00.22	90	97	156	105
155	0:00:00.73	0:02:06.56	155	82	83	73	1	23.76636	22.34706	4.82	785.62	120	157	130	41	55	63	40	7	7	02:31.47	02:38.11	60	73	54	0	0	86	14.2	44	6.8	52	51	48	49	00:00.18	00:00.20	00:00.19	00:00.22	90	97	92	105
156	0:00:00.74	0:02:07.30	156	81	83	74	1	23.86554	22.35588	4.91	790.53	120	157	130	42	55	70	40	7	7	02:30.84	02:38.07	61	73	54	0	0	88	14.3	45	6.8	55	51	45	49	00:00.19	00:00.20	00:00.18	00:00.22	92	97	88	105
157	0:00:00.74	0:02:08.03	157	81	83	74	1	23.59922	22.36307	4.85	795.38	119	157	130	41	55	61	40	7	7	02:32.54	02:38.03	59	73	54	0	0	87	14.4	44	6.9	51	51	49	49	00:00.30	00:00.20	00:00.18	00:00.22	150	97	85	105
158	0:00:00.73	0:02:08.77	158	82	83	74	1	24.36024	22.37439	4.94	800.32	120	157	129	44	55	79	40	7	7	02:27.78	02:37.97	64	73	54	0	0	89	14.5	47	6.9	58	51	42	49	00:00.18	00:00.20	00:00.32	00:00.22	90	97	156	105
159	0:00:00.73	0:02:09.50	159	82	83	74	1	24.25442	22.38499	4.92	805.24	120	157	129	44	55	74	40	7	7	02:28.42	02:37.91	64	73	54	0	0	89	14.5	47	7.0	56	51	44	49	00:00.18	00:00.20	00:00.20	00:00.22	90	97	97	105
160	0:00:00.74	0:02:10.24	160	81	83	74	1	23.88151	22.39349	4.91	810.15	120	157	129	42	55	69	40	7	7	02:30.74	02:37.86	61	73	54	0	0	88	14.6	45	7.0	49	51	51	49	00:00.29	00:00.20	00:00.18	00:00.22	141	97	88	105
161	0:00:00.74	0:02:10.97	161	81	83	74	1	23.15021	22.39777	4.76	814.91	121	157	129	39	55	59	40	7	7	02:35.50	02:37.85	56	73	54	0	0	85	14.7	42	7.1	52	51	48	49	00:00.18	00:00.20	00:00.18	00:00.22	90	97	85	105
162	0:00:00.74	0:02:11.72	162	81	83	74	1	23.09303	22.40167	4.75	819.65	120	157	129	39	55	60	40	7	7	02:35.89	02:37.84	56	73	54	0	0	84	14.8	41	7.1	51	51	49	49	00:00.19	00:00.20	00:00.20	00:00.22	95	97	95	105
163	0:00:00.74	0:02:12.46	163	81	83	74	1	23.36266	22.40704	4.80	824.45	119	157	129	40	55	66	40	7	7	02:34.09	02:37.81	58	73	54	0	0	86	14.9	43	7.1	54	51	46	49	00:00.18	00:00.20	00:00.18	00:00.22	88	97	88	105
164	0:00:00.75	0:02:13.21	164	80	83	74	1	24.07540	22.41643	5.02	829.47	120	157	129	44	55	69	40	7	7	02:29.53	02:37.76	62	73	54	0	0	90	15.0	47	7.2	50	51	50	49	00:00.19	00:00.20	00:00.19	00:00.22	92	97	90	104
165	0:00:00.74	0:02:13.95	165	81	83	74	1	23.85136	22.42436	4.90	834.37	120	157	129	42	55	65	40	7	7	02:30.93	02:37.72	61	73	54	0	0	88	15.1	45	7.2	52	51	48	49	00:00.18	00:00.20	00:00.18	00:00.22	88	97	88	104
166	0:00:00.75	0:02:14.70	166	80	83	74	1	23.48002	22.43024	4.89	839.26	120	157	129	41	55	66	40	7	7	02:33.32	02:37.70	58	73	54	0	0	87	15.1	44	7.3	54	51	46	49	00:00.20	00:00.20	00:00.18	00:00.22	97	97	85	104
167	0:00:00.75	0:02:15.45	167	80	83	74	1	23.10010	22.43395	4.81	844.08	120	157	129	39	55	70	40	7	7	02:35.84	02:37.69	56	73	54	0	0	86	15.2	42	7.3	43	51	57	49	00:00.31	00:00.20	00:00.19	00:00.22	151	97	90	104
168	0:00:00.74	0:02:16.19	168	81	83	74	1	24.58152	22.44562	5.05	849.13	120	157	129	46	55	81	40	8	7	02:26.45	02:37.62	66	73	54	0	0	92	15.3	49	7.4	56	51	44	49	00:00.18	00:00.20	00:00.18	00:00.22	88	97	88	104
169	0:00:00.74	0:02:16.93	169	81	83	74	1	23.57027	22.45170	4.85	853.98	119	157	129	41	55	65	40	7	7	02:32.73	02:37.59	59	73	54	0	0	87	15.4	44	7.4	55	51	45	49	00:00.19	00:00.20	00:00.18	00:00.22	92	97	88	104
170	0:00:00.75	0:02:17.68	170	80	83	74	1	24.54744	22.46311	5.11	859.09	120	157	129	46	55	82	40	8	7	02:26.65	02:37.52	66	73	54	0	0	93	15.5	49	7.5	48	51	52	49	00:00.19	00:00.20	00:00.18	00:00.22	92	97	85	104
171	0:00:00.73	0:02:18.41	171	82	83	74	1	23.68644	22.46956	4.80	863.89	121	157	129	41	55	65	40	7	7	02:31.98	02:37.49	60	73	54	0	0	86	15.6	44	7.5	52	51	48	49	00:00.18	00:00.20	00:00.17	00:00.22	90	97	83	104
172	0:00:00.75	0:02:19.16	172	80	83	74	1	23.19663	22.47348	4.83	868.72	119	157	129	40	55	64	40	7	7	02:35.19	02:37.48	56	73	54	0	0	86	15.7	42	7.6	53	51	47	49	00:00.19	00:00.20	00:00.20	00:00.22	92	97	95	104
173	0:00:00.74	0:02:19.90	173	81	83	74	1	23.11693	22.47689	4.75	873.48	120	157	129	39	55	59	40	7	7	02:35.73	02:37.47	56	73	54	0	0	85	15.8	41	7.6	52	51	48	49	00:00.30	00:00.20	00:00.33	00:00.22	150	97	156	104
174	0:00:00.75	0:02:20.65	174	80	83	74	1	23.75291	22.48369	4.95	878.43	120	157	129	42	55	67	40	7	7	02:31.56	02:37.43	60	73	54	0	0	89	15.9	45	7.6	49	51	51	49	00:00.32	00:00.20	00:00.19	00:00.22	156	98	90	104
175	0:00:00.74	0:02:21.39	175	81	83	74	1	23.97432	22.49149	4.93	883.35	121	157	129	43	55	60	40	7	7	02:30.16	02:37.39	62	73	54	0	0	89	15.9	46	7.7	54	51	46	49	00:00.17	00:00.20	00:00.34	00:00.22	83	98	165	104
176	0:00:00.74	0:02:22.13	176	81	83	74	1	24.86040	22.50383	5.11	888.46	119	157	128	47	55	64	40	8	7	02:24.80	02:37.31	68	73	54	0	0	93	16.0	50	7.7	54	51	46	49	00:00.31	00:00.20	00:00.18	00:00.22	151	98	88	104
177	0:00:00.74	0:02:22.87	177	81	83	74	1	24.53770	22.51436	5.04	893.51	120	157	128	46	55	76	40	8	7	02:26.71	02:37.25	66	73	54	0	0	91	16.1	49	7.8	55	51	45	49	00:00.18	00:00.20	00:00.18	00:00.22	88	98	88	104
178	0:00:00.73	0:02:23.60	178	82	83	74	1	23.98234	22.52182	4.86	898.37	119	157	128	42	55	65	40	7	7	02:30.11	02:37.21	62	73	55	0	0	87	16.2	45	7.8	51	51	49	49	00:00.18	00:00.20	00:00.32	00:00.22	90	98	156	104
179	0:00:00.73	0:02:24.33	179	82	83	74	1	23.81944	22.52839	4.83	903.20	119	157	128	41	55	63	40	7	7	02:31.13	02:37.18	61	73	55	0	0	87	16.3	44	7.9	48	51	52	49	00:00.30	00:00.20	00:00.18	00:00.22	150	98	88	104
180	0:00:00.74	0:02:25.07	180	81	83	74	1	24.12382	22.53652	4.96	908.16	118	157	128	44	55	74	40	7	7	02:29.23	02:37.13	63	73	55	0	0	89	16.4	46	7.9	58	51	42	49	00:00.18	00:00.20	00:00.34	00:00.22	88	98	165	105
181	0:00:00.73	0:02:25.80	181	82	83	74	1	24.28988	22.54530	4.93	913.08	117	157	128	44	55	62	40	7	7	02:28.20	02:37.08	64	73	55	0	0	89	16.5	47	8.0	53	51	47	49	00:00.19	00:00.20	00:00.18	00:00.22	95	98	88	104
182	0:00:00.73	0:02:26.53	182	82	83	75	1	23.94064	22.55225	4.85	917.94	117	157	128	42	55	65	40	7	7	02:30.37	02:37.05	62	73	55	0	0	87	16.6	45	8.0	55	51	45	49	00:00.19	00:00.20	00:00.32	00:00.22	95	98	156	105
183	0:00:00.73	0:02:27.26	183	82	83	75	1	24.64644	22.56264	5.00	922.94	119	157	128	45	55	74	40	8	7	02:26.06	02:36.99	67	73	55	0	0	91	16.7	49	8.1	55	51	45	49	00:00.18	00:00.20	00:00.32	00:00.22	90	98	156	105
184	0:00:00.73	0:02:27.99	184	82	83	75	1	23.49924	22.56726	4.77	927.70	120	157	128	40	55	65	40	7	7	02:33.19	02:36.97	58	73	55	0	0	85	16.7	43	8.1	57	51	43	49	00:00.17	00:00.20	00:00.32	00:00.22	85	98	156	105
185	0:00:00.74	0:02:28.73	185	81	83	75	1	23.48564	22.57183	4.83	932.53	120	157	128	40	55	65	40	7	7	02:33.28	02:36.95	58	73	55	0	0	86	16.8	43	8.1	45	51	55	49	00:00.18	00:00.20	00:00.17	00:00.22	90	98	81	105
186	0:00:00.73	0:02:29.46	186	82	83	75	1	23.90933	22.57836	4.85	937.38	120	157	128	42	55	60	40	7	7	02:30.56	02:36.91	61	73	55	0	0	87	16.9	45	8.2	52	51	48	49	00:00.16	00:00.20	00:00.17	00:00.22	80	98	83	105
187	0:00:00.74	0:02:30.20	187	81	83	75	1	24.03073	22.58551	4.94	942.32	120	157	128	43	55	72	40	7	7	02:29.80	02:36.87	62	73	55	0	0	89	17.0	46	8.2	48	51	52	49	00:00.29	00:00.20	00:00.18	00:00.22	141	98	88	105
188	0:00:00.74	0:02:30.94	188	81	83	75	1	23.12307	22.58815	4.75	947.07	121	157	128	39	55	57	40	7	7	02:35.68	02:36.87	56	73	55	0	0	85	17.1	41	8.3	50	51	50	49	00:00.18	00:00.20	00:00.19	00:00.22	88	98	92	105
189	0:00:00.75	0:02:31.69	189	80	83	75	1	22.96702	22.59002	4.78	951.86	121	157	128	39	55	58	40	7	7	02:36.74	02:36.87	55	73	55	0	0	85	17.2	41	8.3	50	51	50	49	00:00.18	00:00.20	00:00.19	00:00.22	88	98	90	105
190	0:00:00.74	0:02:32.43	190	81	83	75	1	23.87003	22.59624	4.91	956.76	119	157	128	42	55	69	40	7	7	02:30.81	02:36.84	61	73	55	0	0	88	17.3	45	8.4	58	51	42	49	00:00.17	00:00.20	00:00.16	00:00.22	83	98	78	105
191	0:00:00.75	0:02:33.18	191	80	83	75	1	23.60321	22.60117	4.92	961.68	120	157	128	42	55	60	40	7	7	02:32.52	02:36.81	59	73	55	0	0	88	17.3	44	8.4	49	51	51	49	00:00.28	00:00.20	00:00.19	00:00.22	136	98	90	105
192	0:00:00.75	0:02:33.93	192	80	83	75	1	22.56804	22.60101	4.70	966.38	119	157	128	37	55	53	40	6	7	02:39.51	02:36.83	52	73	55	0	0	83	17.4	39	8.5	55	51	45	49	00:00.16	00:00.20	00:00.31	00:00.22	78	98	147	105
193	0:00:00.75	0:02:34.68	193	80	83	75	1	24.48707	22.61015	5.10	971.48	119	157	128	46	55	88	40	8	7	02:27.01	02:36.77	65	73	55	0	0	92	17.5	49	8.5	56	51	44	49	00:00.18	00:00.20	00:00.18	00:00.22	88	98	85	105
194	0:00:00.74	0:02:35.42	194	81	83	75	1	24.40637	22.61870	5.02	976.50	119	157	128	45	55	72	40	8	7	02:27.50	02:36.72	65	73	55	0	0	91	17.6	48	8.5	53	51	47	49	00:00.18	00:00.20	00:00.19	00:00.22	88	98	92	105
195	0:00:00.74	0:02:36.16	195	81	83	75	1	25.26872	22.63126	5.19	981.69	118	157	127	49	55	83	40	8	7	02:22.46	02:36.64	71	73	55	0	0	95	17.7	53	8.6	53	51	47	49	00:00.18	00:00.20	00:00.16	00:00.22	88	98	78	105
196	0:00:00.73	0:02:36.89	196	82	83	75	1	23.84527	22.63691	4.84	986.53	120	157	127	42	55	68	40	7	7	02:30.97	02:36.62	61	73	55	0	0	87	17.8	44	8.6	58	51	42	49	00:00.17	00:00.20	00:00.35	00:00.22	85	98	170	105
197	0:00:00.73	0:02:37.62	197	82	83	75	1	23.72095	22.64193	4.81	991.34	118	157	127	41	55	60	40	7	7	02:31.76	02:36.59	60	73	55	0	0	86	17.9	44	8.7	51	51	49	49	00:00.18	00:00.20	00:00.18	00:00.22	90	98	88	105
198	0:00:00.74	0:02:38.36	198	81	83	75	1	24.12387	22.64885	4.96	996.30	118	157	127	44	55	59	40	7	7	02:29.22	02:36.55	63	73	55	0	0	89	18.0	46	8.7	51	51	49	49	00:00.20	00:00.20	00:00.30	00:00.22	97	98	146	105
199	0:00:00.73	0:02:39.09	199	82	83	75	1	24.55532	22.65760	4.98	1001.28	118	157	127	45	55	64	40	8	7	02:26.60	02:36.50	66	73	55	0	0	90	18.1	48	8.8	52	51	48	49	00:00.16	00:00.20	00:00.19	00:00.22	80	98	92	105
200	0:00:00.74	0:02:39.83	200	81	83	75	1	23.75441	22.66268	4.88	1006.16	118	157	127	42	55	72	40	7	7	02:31.55	02:36.48	60	73	55	0	0	88	18.2	45	8.8	53	51	47	49	00:00.16	00:00.20	00:00.33	00:00.22	78	97	161	105
201	0:00:00.73	0:02:40.56	201	82	83	75	1	23.66286	22.66723	4.80	1010.96	118	157	127	41	55	74	40	7	7	02:32.13	02:36.46	60	73	55	0	0	86	18.2	44	8.9	45	51	55	49	00:00.17	00:00.20	00:00.19	00:00.22	85	97	92	105
202	0:00:00.74	0:02:41.30	202	81	83	75	1	24.37112	22.67505	5.01	1015.97	119	157	127	45	55	64	40	8	7	02:27.71	02:36.41	65	73	55	0	0	91	18.3	48	8.9	54	51	46	49	00:00.17	00:00.20	00:00.18	00:00.22	83	97	88	105
203	0:00:00.73	0:02:42.03	203	82	83	75	1	24.85039	22.68485	5.04	1021.01	118	157	127	47	55	75	40	8	7	02:24.86	02:36.35	68	73	55	0	0	92	18.4	50	9.0	55	51	45	49	00:00.16	00:00.20	00:00.18	00:00.22	80	97	88	105
204	0:00:00.72	0:02:42.75	204	83	83	75	1	24.51534	22.69294	4.90	1025.91	118	157	127	44	55	76	40	8	7	02:26.84	02:36.30	66	73	55	0	0	89	18.5	47	9.0	55	51	45	49	00:00.17	00:00.20	00:00.18	00:00.22	85	97	90	105
205	0:00:00.73	0:02:43.48	205	82	83	75	1	24.01323	22.69884	4.87	1030.78	118	157	127	42	55	62	41	7	7	02:29.91	02:36.27	62	73	55	0	0	88	18.6	45	9.1	50	51	50	49	00:00.27	00:00.20	00:00.17	00:00.22	135	97	83	105
206	0:00:00.73	0:02:44.21	206	82	83	75	1	23.78535	22.70367	4.82	1035.60	118	157	127	41	55	67	41	7	7	02:31.35	02:36.25	60	73	55	0	0	87	18.7	44	9.1	56	51	44	49	00:00.18	00:00.20	00:00.32	00:00.22	90	97	156	105
207	0:00:00.73	0:02:44.94	207	82	83	75	1	23.32245	22.70641	4.73	1040.33	120	157	127	39	55	60	41	7	7	02:34.35	02:36.24	57	73	55	0	0	84	18.8	42	9.1	55	51	45	49	00:00.18	00:00.20	00:00.36	00:00.22	90	97	175	105
208	0:00:00.75	0:02:45.69	208	80	83	75	1	22.53100	22.70561	4.69	1045.03	117	157	127	37	55	61	40	6	7	02:39.77	02:36.26	52	73	55	0	0	83	18.8	39	9.2	50	51	50	49	00:00.00	00:00.20	00:00.31	00:00.22	0	97	147	106
209	0:00:00.74	0:02:46.43	209	81	83	75	1	23.40799	22.70874	4.81	1049.84	117	157	127	40	55	65	40	7	7	02:33.79	02:36.25	58	73	55	0	0	86	18.9	43	9.2	49	51	51	49	00:00.30	00:00.20	00:00.18	00:00.22	146	97	88	105
210	0:00:00.75	0:02:47.18	210	80	83	75	1	23.14192	22.71068	4.82	1054.66	118	157	127	39	55	68	40	7	7	02:35.56	02:36.24	56	73	55	0	0	86	19.0	42	9.3	48	51	52	49	00:00.17	00:00.20	00:00.18	00:00.22	81	97	88	105
211	0:00:00.75	0:02:47.93	211	80	83	75	1	24.33411	22.71793	5.07	1059.73	118	157	127	45	55	67	40	8	7	02:27.94	02:36.20	64	73	55	0	0	92	19.1	48	9.3	52	51	48	49	00:00.19	00:00.20	00:00.18	00:00.22	90	97	88	105
212	0:00:00.75	0:02:48.68	212	80	83	75	1	24.35687	22.72522	5.07	1064.80	119	157	127	45	55	66	41	8	7	02:27.80	02:36.16	64	73	56	0	0	92	19.2	48	9.4	48	51	52	49	00:00.18	00:00.20	00:00.17	00:00.22	88	97	81	105
213	0:00:00.74	0:02:49.42	213	81	83	75	1	23.39139	22.72813	4.81	1069.61	119	157	127	40	55	68	41	7	7	02:33.90	02:36.15	58	73	56	0	0	86	19.3	43	9.4	49	51	51	49	00:00.17	00:00.20	00:00.18	00:00.22	85	97	85	105
214	0:00:00.74	0:02:50.16	214	81	83	75	1	23.88601	22.73316	4.91	1074.52	120	157	127	42	55	61	41	7	7	02:30.71	02:36.13	61	73	56	0	0	88	19.4	45	9.5	49	51	51	49	00:00.27	00:00.20	00:00.19	00:00.22	135	97	90	105
215	0:00:00.74	0:02:50.90	215	81	83	75	1	24.16326	22.73936	4.97	1079.49	120	157	127	44	55	62	41	7	7	02:28.98	02:36.09	63	73	56	0	0	90	19.5	47	9.5	53	51	47	49	00:00.28	00:00.20	00:00.18	00:00.22	136	97	88	105
216	0:00:00.74	0:02:51.64	216	81	83	76	1	23.16113	22.74117	4.76	1084.25	121	157	127	39	55	57	41	7	7	02:35.43	02:36.09	56	73	56	0	0	85	19.6	42	9.5	54	51	46	49	00:00.16	00:00.20	00:00.18	00:00.22	78	97	88	105
217	0:00:00.74	0:02:52.38	217	81	83	76	1	24.33550	22.74802	5.00	1089.25	119	157	127	45	55	72	41	8	7	02:27.93	02:36.05	64	73	56	0	0	90	19.6	48	9.6	55	51	45	49	00:00.18	00:00.20	00:00.17	00:00.22	88	97	83	105
218	0:00:00.74	0:02:53.12	218	81	83	76	1	24.05718	22.75361	4.95	1094.20	119	157	126	43	55	71	41	7	7	02:29.64	02:36.02	62	73	56	0	0	89	19.7	46	9.6	59	51	41	49	00:00.18	00:00.20	00:00.32	00:00.22	88	97	156	105
219	0:00:00.74	0:02:53.86	219	81	83	76	1	24.13774	22.75951	4.96	1099.16	118	157	126	44	55	72	41	7	7	02:29.14	02:35.99	63	73	56	0	0	89	19.8	47	9.7	59	51	41	49	00:00.16	00:00.20	00:00.18	00:00.22	78	97	88	105
220	0:00:00.74	0:02:54.60	220	81	83	76	1	23.50531	22.76267	4.83	1103.99	118	157	126	41	55	59	41	7	7	02:33.15	02:35.98	59	73	56	0	0	86	19.9	43	9.7	52	51	48	49	00:00.16	00:00.20	00:00.18	00:00.22	80	97	85	105
221	0:00:00.74	0:02:55.34	221	81	83	76	1	23.90654	22.76749	4.91	1108.90	118	157	126	42	55	64	41	7	7	02:30.58	02:35.95	61	73	56	0	0	88	20.0	45	9.8	52	51	48	49	00:00.18	00:00.20	00:00.19	00:00.22	90	97	90	105
222	0:00:00.74	0:02:56.08	222	81	83	76	1	23.99150	22.77264	4.93	1113.84	118	157	126	43	55	62	41	7	7	02:30.05	02:35.92	62	73	56	0	0	89	20.1	46	9.8	51	51	49	49	00:00.17	00:00.20	00:00.18	00:00.22	83	97	88	105
223	0:00:00.74	0:02:56.82	223	81	83	76	1	24.02171	22.77787	4.94	1118.77	117	157	126	43	55	78	41	7	7	02:29.86	02:35.90	62	73	56	0	0	89	20.2	46	9.9	54	51	46	49	00:00.16	00:00.20	00:00.17	00:00.22	80	97	81	105
224	0:00:00.74	0:02:57.56	224	81	83	76	1	23.18497	22.77956	4.77	1123.54	119	157	126	39	55	68	41	7	7	02:35.27	02:35.90	56	73	56	0	0	85	20.3	42	9.9	51	51	49	49	00:00.17	00:00.20	00:00.20	00:00.22	85	97	95	105
225	0:00:00.74	0:02:58.30	225	81	83	76	1	23.44803	22.78234	4.82	1128.36	118	157	126	40	55	66	41	7	7	02:33.53	02:35.88	58	73	56	0	0	86	20.3	43	9.9	53	51	47	49	00:00.30	00:00.20	00:00.17	00:00.22	146	97	83	104
226	0:00:00.74	0:02:59.04	226	81	83	76	1	24.34647	22.78880	5.00	1133.36	117	157	126	45	55	83	41	8	7	02:27.86	02:35.85	64	73	56	0	0	90	20.4	48	10.0	59	51	41	49	00:00.18	00:00.20	00:00.20	00:00.22	88	97	97	104
227	0:00:00.75	0:02:59.79	227	80	83	76	1	22.99543	22.78966	4.79	1138.15	117	157	126	39	55	62	41	7	7	02:36.55	02:35.85	55	73	56	0	0	85	20.5	41	10.0	56	51	44	49	00:00.17	00:00.20	00:00.18	00:00.22	83	97	85	104
228	0:00:00.74	0:03:00.53	228	81	83	76	1	23.80843	22.79384	4.89	1143.05	118	157	126	42	55	62	41	7	7	02:31.20	02:35.83	61	73	56	0	0	88	20.6	45	10.1	54	51	46	49	00:00.16	00:00.20	00:00.16	00:00.22	78	97	78	104
229	0:00:00.75	0:03:01.28	229	80	83	76	1	23.74255	22.79776	4.95	1147.99	118	157	126	42	55	73	41	7	7	02:31.62	02:35.81	60	73	56	0	0	89	20.7	45	10.1	54	51	46	49	00:00.18	00:00.20	00:00.17	00:00.22	88	97	81	104
230	0:00:00.74	0:03:02.02	230	81	83	76	1	23.83834	22.80199	4.90	1152.89	117	157	126	42	55	67	41	7	7	02:31.01	02:35.79	61	73	56	0	0	88	20.8	45	10.2	61	51	39	49	00:00.14	00:00.20	00:00.19	00:00.22	70	97	90	104
231	0:00:00.74	0:03:02.76	231	81	83	76	1	23.85866	22.80627	4.90	1157.80	117	157	126	42	55	65	41	7	7	02:30.88	02:35.77	61	73	56	0	0	88	20.9	45	10.2	51	51	49	49	00:00.18	00:00.20	00:00.32	00:00.22	88	96	156	104
232	0:00:00.75	0:03:03.51	232	80	83	76	1	22.89312	22.80663	4.77	1162.57	118	157	126	38	55	60	41	7	7	02:37.25	02:35.78	55	73	56	0	0	85	21.0	41	10.3	48	51	52	49	00:00.17	00:00.20	00:00.18	00:00.22	83	96	85	104
233	0:00:00.75	0:03:04.26	233	80	83	76	1	23.80226	22.81068	4.96	1167.53	118	157	126	43	55	81	41	7	7	02:31.24	02:35.76	61	73	56	0	0	89	21.0	45	10.3	40	51	60	49	00:00.31	00:00.20	00:00.19	00:00.22	151	97	90	104
234	0:00:00.75	0:03:05.01	234	80	83	76	1	24.35944	22.81696	5.07	1172.60	120	157	126	45	55	73	41	8	7	02:27.78	02:35.72	64	73	56	0	0	92	21.1	48	10.4	54	51	46	49	00:00.18	00:00.20	00:00.17	00:00.22	88	97	81	104
235	0:00:00.74	0:03:05.75	235	81	83	76	1	24.44895	22.82346	5.03	1177.63	117	157	126	45	55	66	41	8	7	02:27.24	02:35.68	65	73	56	0	0	91	21.2	48	10.4	51	51	49	49	00:00.17	00:00.20	00:00.17	00:00.22	85	97	81	104
236	0:00:00.73	0:03:06.48	236	82	83	76	1	23.67796	22.82681	4.80	1182.43	117	157	126	41	55	65	41	7	7	02:32.04	02:35.67	60	73	56	0	0	86	21.3	44	10.4	54	51	46	49	00:00.17	00:00.20	00:00.17	00:00.22	85	97	83	104
237	0:00:00.74	0:03:07.22	237	81	83	76	1	23.67378	22.83015	4.87	1187.29	117	157	126	41	55	64	41	7	7	02:32.06	02:35.65	60	73	56	0	0	87	21.4	44	10.5	53	51	47	49	00:00.18	00:00.20	00:00.19	00:00.22	88	97	92	104
238	0:00:00.75	0:03:07.97	238	80	83	76	1	23.55219	22.83303	4.91	1192.20	117	157	126	41	55	67	41	7	7	02:32.85	02:35.64	59	73	56	0	0	88	21.5	44	10.5	54	51	46	49	00:00.18	00:00.20	00:00.17	00:00.22	88	96	81	104
239	0:00:00.74	0:03:08.71	239	81	83	76	1	24.14233	22.83817	4.96	1197.16	117	157	126	44	55	65	41	7	7	02:29.11	02:35.62	63	73	56	0	0	89	21.6	47	10.6	51	51	49	49	00:00.18	00:00.20	00:00.17	00:00.22	90	96	81	104
240	0:00:00.73	0:03:09.44	240	82	83	76	1	24.05165	22.84284	4.88	1202.04	116	157	126	43	55	73	41	7	7	02:29.67	02:35.59	62	73	56	0	0	88	21.7	45	10.6	57	51	43	49	00:00.18	00:00.20	00:00.19	00:00.22	90	96	92	104
241	0:00:00.75	0:03:10.19	241	80	83	76	1	23.54906	22.84563	4.91	1206.95	119	157	126	41	55	64	41	7	7	02:32.87	02:35.58	59	73	56	0	0	88	21.8	44	10.7	56	51	44	49	00:00.20	00:00.20	00:00.35	00:00.22	97	96	166	104
242	0:00:00.73	0:03:10.92	242	82	83	76	1	24.16448	22.85067	4.90	1211.85	117	157	126	43	55	65	41	7	7	02:28.97	02:35.55	63	73	56	0	0	88	21.8	46	10.7	53	51	47	49	00:00.17	00:00.20	00:00.17	00:00.22	85	96	83	104
243	0:00:00.74	0:03:11.66	243	81	83	76	1	24.22812	22.85599	4.98	1216.83	117	157	126	44	55	67	41	7	7	02:28.58	02:35.52	64	73	56	0	0	90	21.9	47	10.8	53	51	47	49	00:00.18	00:00.20	00:00.18	00:00.22	88	96	88	104
244	0:00:00.74	0:03:12.40	244	81	83	76	1	24.73520	22.86322	5.08	1221.91	118	157	125	47	55	76	41	8	7	02:25.54	02:35.48	67	73	56	0	0	92	22.0	50	10.8	55	51	45	49	00:00.19	00:00.20	00:00.18	00:00.22	92	96	88	104
245	0:00:00.73	0:03:13.13	245	82	83	76	1	23.81650	22.86682	4.83	1226.74	118	157	125	41	55	59	41	7	7	02:31.15	02:35.46	61	73	56	0	0	87	22.1	44	10.9	52	51	48	49	00:00.19	00:00.20	00:00.17	00:00.22	95	96	83	103
246	0:00:00.73	0:03:13.86	246	82	83	76	1	23.51130	22.86925	4.77	1231.51	116	157	125	40	55	64	41	7	7	02:33.11	02:35.45	59	73	56	0	0	85	22.2	43	10.9	57	51	43	49	00:00.17	00:00.20	00:00.18	00:00.22	85	96	88	103
247	0:00:00.74	0:03:14.60	247	81	83	76	1	24.27700	22.87460	4.99	1236.50	116	157	125	44	55	68	41	8	7	02:28.28	02:35.42	64	73	56	0	0	90	22.3	47	10.9	46	51	54	49	00:00.28	00:00.20	00:00.20	00:00.22	136	96	97	103
248	0:00:00.73	0:03:15.33	248	82	83	76	1	24.16169	22.87941	4.90	1241.40	116	157	125	43	55	68	41	7	7	02:28.99	02:35.40	63	73	56	0	0	88	22.4	46	11.0	54	51	46	49	00:00.18	00:00.20	00:00.18	00:00.22	90	96	88	103
249	0:00:00.74	0:03:16.07	249	81	83	76	1	23.71473	22.88256	4.87	1246.27	116	157	125	42	55	68	41	7	7	02:31.80	02:35.38	60	73	56	0	0	87	22.5	44	11.0	56	51	44	49	00:00.18	00:00.20	00:00.18	00:00.22	88	96	88	103
250	0:00:00.74	0:03:16.81	250	81	83	76	1	23.34145	22.88429	4.80	1251.07	116	157	125	40	55	71	41	7	7	02:34.23	02:35.38	57	73	56	0	0	86	22.5	43	11.1	56	51	44	49	00:00.18	00:00.20	00:00.31	00:00.22	90	96	147	103
251	0:00:00.73	0:03:17.54	251	82	83	76	1	24.29571	22.88951	4.93	1256.00	116	157	125	44	55	62	41	7	7	02:28.17	02:35.35	64	73	56	0	0	89	22.6	47	11.1	52	51	48	49	00:00.16	00:00.20	00:00.20	00:00.22	80	96	97	103
252	0:00:00.74	0:03:18.28	252	81	83	76	1	23.98057	22.89358	4.93	1260.93	116	157	125	43	55	64	41	7	7	02:30.12	02:35.33	62	73	56	0	0	89	22.7	46	11.2	52	51	48	49	00:00.18	00:00.20	00:00.19	00:00.22	88	96	92	103
253	0:00:00.74	0:03:19.02	253	81	83	76	1	23.67852	22.89650	4.87	1265.79	116	157	125	41	55	65	41	7	7	02:32.03	02:35.32	60	73	56	0	0	87	22.8	44	11.2	52	51	48	49	00:00.19	00:00.20	00:00.19	00:00.22	92	96	92	103
254	0:00:00.74	0:03:19.76	254	81	83	76	1	24.26877	22.90158	4.99	1270.78	117	157	125	44	55	67	41	8	7	02:28.33	02:35.29	64	73	56	0	0	90	22.9	47	11.3	54	51	46	49	00:00.18	00:00.20	00:00.32	00:00.22	90	96	152	104
255	0:00:00.73	0:03:20.49	255	82	83	76	1	24.43969	22.90718	4.96	1275.74	117	157	125	44	55	68	41	8	7	02:27.30	02:35.26	65	73	56	0	0	90	23.0	47	11.3	55	51	45	49	00:00.16	00:00.20	00:00.17	00:00.22	80	96	83	103
256	0:00:00.73	0:03:21.22	256	82	83	76	1	24.31712	22.91230	4.93	1280.67	117	157	125	44	55	74	41	7	7	02:28.04	02:35.23	64	73	56	0	0	89	23.1	47	11.4	55	51	45	49	00:00.18	00:00.20	00:00.19	00:00.22	90	96	92	103
257	0:00:00.73	0:03:21.95	257	82	83	76	1	23.87566	22.91578	4.84	1285.51	117	157	125	42	55	62	41	7	7	02:30.78	02:35.21	61	73	56	0	0	87	23.2	45	11.4	52	51	48	49	00:00.19	00:00.20	00:00.32	00:00.22	95	96	156	104
258	0:00:00.74	0:03:22.69	258	81	83	76	1	23.59676	22.91826	4.85	1290.36	116	157	125	41	55	65	41	7	7	02:32.56	02:35.20	59	73	56	0	0	87	23.3	44	11.4	50	51	50	49	00:00.18	00:00.20	00:00.17	00:00.22	88	96	83	104
259	0:00:00.73	0:03:23.42	259	82	83	76	1	24.44304	22.92374	4.96	1295.32	117	157	125	44	55	69	41	8	7	02:27.28	02:35.17	65	73	56	0	0	90	23.3	48	11.5	50	51	50	49	00:00.17	00:00.20	00:00.18	00:00.22	85	96	88	103
260	0:00:00.73	0:03:24.15	260	82	83	76	1	24.23633	22.92843	4.91	1300.23	117	157	125	43	55	71	41	7	7	02:28.53	02:35.14	64	73	57	0	0	89	23.4	46	11.5	57	51	43	49	00:00.18	00:00.20	00:00.32	00:00.22	90	96	156	104
261	0:00:00.73	0:03:24.88	261	82	83	76	1	23.72204	22.93126	4.81	1305.04	116	157	125	41	55	66	41	7	7	02:31.75	02:35.13	60	73	57	0	0	86	23.5	44	11.6	56	51	44	49	00:00.18	00:00.20	00:00.35	00:00.22	90	96	170	104
262	0:00:00.74	0:03:25.62	262	81	83	76	1	24.12740	22.93556	4.96	1310.00	117	157	125	44	55	71	41	7	7	02:29.20	02:35.11	63	73	57	0	0	89	23.6	46	11.6	51	51	49	49	00:00.00	00:00.20	00:00.18	00:00.22	0	96	88	104
263	0:00:00.73	0:03:26.35	263	82	83	76	1	24.32273	22.94047	4.93	1314.93	117	157	125	44	55	63	41	7	7	02:28.00	02:35.08	64	73	57	0	0	89	23.7	47	11.7	49	51	51	49	00:00.17	00:00.20	00:00.18	00:00.22	85	96	88	104
264	0:00:00.73	0:03:27.08	264	82	83	76	1	23.66362	22.94302	4.80	1319.73	117	157	125	41	55	60	41	7	7	02:32.13	02:35.07	60	73	57	0	0	86	23.8	44	11.7	52	51	48	49	00:00.30	00:00.20	00:00.32	00:00.22	150	96	156	104
265	0:00:00.74	0:03:27.82	265	81	83	77	1	24.17922	22.94742	4.97	1324.70	117	157	125	44	55	66	41	7	7	02:28.88	02:35.05	63	73	57	0	0	90	23.9	47	11.8	52	51	48	49	00:00.17	00:00.20	00:00.18	00:00.22	83	96	88	104
266	0:00:00.73	0:03:28.55	266	82	83	77	1	24.25179	22.95199	4.92	1329.62	117	157	125	44	55	66	41	7	7	02:28.44	02:35.02	64	73	57	0	0	89	24.0	47	11.8	55	52	45	48	00:00.18	00:00.20	00:00.32	00:00.22	90	96	156	104
267	0:00:00.73	0:03:29.28	267	82	83	77	1	23.90531	22.95531	4.85	1334.47	117	157	125	42	55	63	41	7	7	02:30.59	02:35.00	61	73	57	0	0	87	24.1	45	11.9	53	52	47	48	00:00.17	00:00.20	00:00.32	00:00.22	85	96	156	104
268	0:00:00.74	0:03:30.02	268	81	83	77	1	24.02305	22.95907	4.94	1339.41	119	157	125	43	55	64	41	7	7	02:29.85	02:34.98	62	73	57	0	0	89	24.1	46	11.9	53	52	47	48	00:00.18	00:00.20	00:00.19	00:00.22	88	96	92	104
269	0:00:00.73	0:03:30.75	269	82	83	77	1	24.36193	22.96393	4.94	1344.35	116	157	125	44	55	67	41	7	7	02:27.77	02:34.96	64	73	57	0	0	89	24.2	47	12.0	53	52	47	48	00:00.17	00:00.20	00:00.18	00:00.22	85	96	88	104
270	0:00:00.73	0:03:31.48	270	82	83	77	1	24.70896	22.96996	5.01	1349.36	117	157	125	46	55	73	41	8	7	02:25.69	02:34.92	67	73	57	0	0	91	24.3	49	12.0	52	52	48	48	00:00.18	00:00.20	00:00.19	00:00.22	90	96	92	104
271	0:00:00.72	0:03:32.20	271	83	83	77	1	24.76416	22.97604	4.95	1354.31	117	157	125	45	55	70	41	8	7	02:25.37	02:34.89	67	73	57	0	0	90	24.4	49	12.0	52	52	48	48	00:00.17	00:00.20	00:00.17	00:00.22	85	96	85	104
272	0:00:00.73	0:03:32.93	272	82	83	77	1	24.47190	22.98117	4.96	1359.27	117	157	125	45	55	73	41	8	7	02:27.10	02:34.86	65	73	57	0	0	90	24.5	48	12.1	52	52	48	48	00:00.18	00:00.20	00:00.18	00:00.22	90	96	88	104
273	0:00:00.72	0:03:33.65	273	83	83	77	1	24.38628	22.98591	4.88	1364.15	117	157	124	44	55	71	41	7	7	02:27.62	02:34.83	65	73	57	0	0	88	24.6	47	12.1	54	52	46	48	00:00.17	00:00.20	00:00.33	00:00.22	87	96	161	104
274	0:00:00.72	0:03:34.37	274	83	83	77	1	24.14408	22.98980	4.83	1368.98	118	157	124	42	55	63	41	7	7	02:29.10	02:34.81	63	73	57	0	0	87	24.7	45	12.2	55	52	45	48	00:00.18	00:00.20	00:00.34	00:00.22	93	96	165	104
275	0:00:00.72	0:03:35.09	275	83	83	77	1	24.40842	22.99455	4.88	1373.86	118	157	124	44	55	71	41	7	7	02:27.49	02:34.78	65	73	57	0	0	88	24.8	47	12.2	56	52	44	48	00:00.18	00:00.20	00:00.32	00:00.22	90	95	160	105
276	0:00:00.73	0:03:35.82	276	82	83	77	1	23.37385	22.99583	4.74	1378.60	121	157	124	39	55	60	41	7	7	02:34.01	02:34.78	58	73	57	0	0	85	24.8	42	12.3	50	52	50	48	00:00.00	00:00.19	00:00.32	00:00.22	0	95	156	105
277	0:00:00.73	0:03:36.55	277	82	83	77	1	24.11487	22.99960	4.89	1383.49	116	157	124	43	55	64	41	7	7	02:29.28	02:34.76	63	73	57	0	0	88	24.9	46	12.3	53	52	47	48	00:00.18	00:00.19	00:00.32	00:00.22	90	95	156	105
278	0:00:00.73	0:03:37.28	278	82	83	77	1	24.02929	23.00306	4.87	1388.36	118	157	124	42	55	68	41	7	7	02:29.81	02:34.74	62	73	57	0	0	88	25.0	45	12.4	54	52	46	48	00:00.18	00:00.19	00:00.32	00:00.22	90	95	156	105
279	0:00:00.73	0:03:38.01	279	82	83	77	1	24.08084	23.00667	4.88	1393.25	120	157	124	43	55	68	41	7	7	02:29.49	02:34.72	62	73	57	0	0	88	25.1	46	12.4	56	52	44	48	00:00.18	00:00.19	00:00.32	00:00.22	90	95	156	105
280	0:00:00.73	0:03:38.74	280	82	83	77	1	23.94608	23.00981	4.86	1398.10	120	157	124	42	55	64	41	7	7	02:30.33	02:34.71	62	73	57	0	0	87	25.2	45	12.5	53	52	47	48	00:00.28	00:00.19	00:00.31	00:00.22	140	95	151	105
281	0:00:00.74	0:03:39.48	281	81	83	77	1	23.49631	23.01145	4.83	1402.93	119	157	124	41	55	72	41	7	7	02:33.21	02:34.70	58	73	57	0	0	86	25.3	43	12.5	55	52	45	48	00:00.18	00:00.19	00:00.35	00:00.22	90	95	166	106
282	0:00:00.73	0:03:40.21	282	82	83	77	1	23.40132	23.01274	4.75	1407.68	119	157	124	40	55	63	41	7	7	02:33.83	02:34.70	58	73	57	0	0	85	25.4	42	12.5	55	52	45	48	00:00.17	00:00.19	00:00.34	00:00.22	85	95	165	106
283	0:00:00.74	0:03:40.95	283	81	83	77	1	24.49952	23.01772	5.04	1412.71	118	157	124	45	55	73	41	8	7	02:26.94	02:34.67	65	73	57	0	0	91	25.5	48	12.6	54	52	46	48	00:00.18	00:00.19	00:00.30	00:00.22	88	95	146	106
284	0:00:00.73	0:03:41.68	284	82	83	77	1	24.14918	23.02144	4.90	1417.61	124	157	124	43	55	70	41	7	7	02:29.07	02:34.65	63	73	57	0	0	88	25.6	46	12.6	56	52	44	48	00:00.16	00:00.19	00:00.32	00:00.22	80	95	156	106
285	0:00:00.74	0:03:42.42	285	81	83	77	1	24.49311	23.02634	5.03	1422.64	121	157	124	45	55	77	41	8	7	02:26.98	02:34.62	65	73	57	0	0	91	25.6	48	12.7	52	52	48	48	00:00.19	00:00.19	00:00.33	00:00.22	92	95	161	106
286	0:00:00.72	0:03:43.14	286	83	83	77	1	25.25618	23.03353	5.05	1427.70	121	157	124	48	55	73	41	8	7	02:22.53	02:34.58	71	73	57	0	0	93	25.7	51	12.7	51	52	49	48	00:00.18	00:00.19	00:00.30	00:00.22	90	95	150	107
287	0:00:00.73	0:03:43.87	287	82	83	77	1	23.66057	23.03558	4.80	1432.49	120	157	124	41	55	59	41	7	7	02:32.15	02:34.57	60	73	57	0	0	86	25.8	43	12.8	52	52	48	48	00:00.00	00:00.19	00:00.33	00:00.22	0	95	161	107
288	0:00:00.73	0:03:44.60	288	82	83	77	1	24.49840	23.04033	4.97	1437.46	120	157	124	45	55	72	41	8	7	02:26.94	02:34.54	65	73	57	0	0	90	25.9	48	12.8	51	52	49	48	00:00.17	00:00.19	00:00.17	00:00.22	85	95	83	107
289	0:00:00.72	0:03:45.32	289	83	83	77	1	23.93971	23.04321	4.79	1442.25	120	157	124	41	55	59	41	7	7	02:30.37	02:34.53	62	73	57	0	0	86	26.0	44	12.9	53	52	47	48	00:00.28	00:00.19	00:00.30	00:00.22	140	95	150	107
290	0:00:00.73	0:03:46.05	290	82	83	77	1	24.27601	23.04719	4.92	1447.17	121	157	124	44	55	72	41	7	7	02:28.29	02:34.51	64	73	57	0	0	89	26.1	47	12.9	49	52	51	48	00:00.18	00:00.19	00:00.31	00:00.22	88	95	155	107
291	0:00:00.73	0:03:46.78	291	82	83	77	1	24.48206	23.05181	4.96	1452.14	121	157	124	45	55	81	41	8	7	02:27.04	02:34.48	65	73	57	0	0	90	26.2	48	13.0	51	52	49	48	00:00.18	00:00.19	00:00.23	00:00.22	90	95	112	107
292	0:00:00.74	0:03:47.52	292	81	83	77	1	23.34083	23.05275	4.80	1456.93	121	157	124	40	55	89	41	7	7	02:34.23	02:34.48	57	73	57	0	0	86	26.3	43	13.0	28	52	72	48	00:00.00	00:00.19	00:00.17	00:00.22	0	95	81	107
293	0:00:00.73	0:03:48.25	293	82	83	77	1	24.15364	23.05627	4.90	1461.83	120	157	124	43	55	83	41	7	7	02:29.04	02:34.46	63	73	57	0	0	88	26.3	46	13.1	51	52	49	48	00:00.17	00:00.19	00:00.27	00:00.22	85	95	131	107
294	0:00:00.73	0:03:48.98	294	82	83	77	1	25.22531	23.06318	5.12	1466.95	120	157	124	48	55	92	41	8	7	02:22.71	02:34.42	71	73	57	0	0	94	26.4	52	13.1	45	52	55	48	00:00.24	00:00.19	00:00.18	00:00.22	120	95	88	107
295	0:00:00.72	0:03:49.70	295	83	83	77	1	23.70221	23.06519	4.74	1471.69	119	157	124	40	55	61	41	7	7	02:31.88	02:34.41	60	73	57	0	0	85	26.5	43	13.2	56	52	44	48	00:00.28	00:00.19	00:00.29	00:00.22	144	95	141	107
296	0:00:00.73	0:03:50.43	296	82	83	77	1	23.79483	23.06750	4.83	1476.51	123	157	124	41	55	62	41	7	7	02:31.29	02:34.40	61	73	57	0	0	87	26.6	44	13.2	48	52	52	48	00:00.18	00:00.19	00:00.30	00:00.22	90	95	146	107
297	0:00:00.72	0:03:51.15	297	83	83	77	1	25.25678	23.07432	5.05	1481.56	118	157	124	48	55	74	41	8	7	02:22.53	02:34.36	71	73	57	0	0	93	26.7	51	13.2	52	52	48	48	00:00.18	00:00.19	00:00.18	00:00.22	90	95	90	107
298	0:00:00.72	0:03:51.87	298	83	83	77	1	24.97175	23.08021	4.99	1486.56	118	157	124	46	55	71	41	8	7	02:24.16	02:34.32	69	73	57	0	0	91	26.8	50	13.3	53	52	47	48	00:00.18	00:00.19	00:00.18	00:00.22	90	95	90	107
299	0:00:00.72	0:03:52.59	299	83	83	77	1	24.43932	23.08442	4.89	1491.45	117	157	124	44	55	68	41	7	7	02:27.30	02:34.30	65	73	57	0	0	89	26.9	47	13.3	53	52	47	48	00:00.18	00:00.19	00:00.31	00:00.22	90	95	155	107
300	0:00:00.72	0:03:53.31	300	83	83	77	1	24.44718	23.08862	4.89	1496.34	117	157	124	44	55	67	41	7	7	02:27.25	02:34.27	65	73	57	0	0	89	27.0	47	13.4	53	52	47	48	00:00.18	00:00.19	00:00.33	00:00.22	90	95	165	107
301	0:00:00.72	0:03:54.03	301	83	83	77	1	25.01006	23.09453	5.00	1501.34	116	157	124	47	55	78	41	8	7	02:23.94	02:34.24	69	73	57	0	0	91	27.1	50	13.4	57	52	43	48	00:00.18	00:00.19	00:00.30	00:00.22	90	95	150	107
302	0:00:00.71	0:03:54.74	302	85	85	77	2	25.44886	23.10165	5.02	1506.36	120	157	124	48	55	81	41	8	7	02:21.46	02:34.19	73	73	57	0	0	92	27.2	52	13.5	55	52	45	48	00:00.18	00:00.19	00:00.30	00:00.22	93	95	150	108
303	0:00:00.71	0:03:55.45	303	85	85	77	2	24.77160	23.10669	4.89	1511.24	117	157	124	45	55	73	41	8	7	02:25.32	02:34.16	67	73	58	0	0	89	27.2	48	13.5	58	52	42	48	00:00.16	00:00.19	00:00.33	00:00.22	82	95	165	108
304	0:00:00.71	0:03:56.16	304	85	85	77	2	24.22406	23.11005	4.78	1516.02	117	157	124	42	55	61	41	7	7	02:28.61	02:34.14	64	73	58	0	0	86	27.3	45	13.6	54	52	46	48	00:00.18	00:00.19	00:00.33	00:00.22	93	95	165	108
305	0:00:00.72	0:03:56.88	305	83	85	77	1	23.73978	23.11196	4.75	1520.77	120	157	124	41	55	64	41	7	7	02:31.64	02:34.14	60	73	58	0	0	85	27.4	43	13.6	53	52	47	48	00:00.18	00:00.19	00:00.29	00:00.22	90	95	145	108
306	0:00:00.72	0:03:57.60	306	83	85	77	1	24.25137	23.11542	4.85	1525.62	120	157	124	43	55	69	41	7	7	02:28.44	02:34.12	64	73	58	0	0	88	27.5	46	13.7	46	52	54	48	00:00.16	00:00.19	00:00.18	00:00.22	80	95	90	108
307	0:00:00.72	0:03:58.32	307	83	85	77	1	24.48032	23.11954	4.90	1530.51	117	157	124	44	55	77	41	7	7	02:27.05	02:34.09	65	73	58	0	0	89	27.6	47	13.7	55	52	45	48	00:00.18	00:00.19	00:00.18	00:00.22	90	95	90	108
308	0:00:00.72	0:03:59.04	308	83	85	77	1	25.10354	23.12552	5.02	1535.53	118	157	124	47	55	80	41	8	7	02:23.40	02:34.06	70	73	58	0	0	92	27.7	50	13.8	53	52	47	48	00:00.18	00:00.19	00:00.19	00:00.22	90	95	95	108
309	0:00:00.72	0:03:59.76	309	83	85	77	1	24.47545	23.12957	4.90	1540.43	118	157	124	44	55	85	41	7	7	02:27.08	02:34.03	65	73	58	0	0	89	27.8	47	13.8	58	52	42	48	00:00.17	00:00.19	00:00.31	00:00.22	85	95	155	108
310	0:00:00.71	0:04:00.47	310	85	85	77	2	24.62476	23.13398	4.86	1545.29	117	157	124	44	55	70	41	8	7	02:26.19	02:34.01	66	73	58	0	0	88	27.9	47	13.9	54	52	46	48	00:00.18	00:00.19	00:00.18	00:00.22	93	94	90	108
311	0:00:00.72	0:04:01.19	311	83	85	77	1	24.61899	23.13842	4.92	1550.21	117	157	124	45	55	64	41	8	7	02:26.22	02:33.98	66	73	58	0	0	89	28.0	48	13.9	52	52	48	48	00:00.18	00:00.19	00:00.16	00:00.22	90	94	80	108
312	0:00:00.72	0:04:01.91	312	83	85	77	1	23.54748	23.13963	4.71	1554.92	116	157	124	40	55	60	41	7	7	02:32.88	02:33.98	59	73	58	0	0	84	28.0	42	14.0	53	52	47	48	00:00.00	00:00.19	00:00.31	00:00.22	0	94	155	108
313	0:00:00.72	0:04:02.63	313	83	85	77	1	24.87290	23.14478	4.97	1559.89	117	157	124	46	55	72	41	8	7	02:24.73	02:33.95	68	73	58	0	0	91	28.1	49	14.0	54	52	46	48	00:00.18	00:00.19	00:00.31	00:00.22	90	94	155	108
314	0:00:00.72	0:04:03.35	314	83	85	77	1	24.28058	23.14814	4.86	1564.75	117	157	124	43	55	61	41	7	7	02:28.26	02:33.93	64	73	58	0	0	88	28.2	46	14.1	51	52	49	48	00:00.19	00:00.19	00:00.31	00:00.22	95	94	155	108
315	0:00:00.73	0:04:04.08	315	82	85	77	1	24.33670	23.15169	4.93	1569.68	115	157	124	44	55	65	41	7	7	02:27.92	02:33.91	64	73	58	0	0	89	28.3	47	14.1	49	52	51	48	00:00.19	00:00.19	00:00.29	00:00.23	95	94	141	108
316	0:00:00.72	0:04:04.80	316	83	85	77	1	24.61483	23.15600	4.92	1574.61	116	157	124	45	55	74	41	8	7	02:26.25	02:33.89	66	73	58	0	0	89	28.4	48	14.1	54	52	46	48	00:00.17	00:00.19	00:00.33	00:00.23	87	94	161	109
317	0:00:00.71	0:04:05.51	317	85	85	77	2	24.83297	23.16085	4.90	1579.51	116	157	124	45	55	67	41	8	7	02:24.96	02:33.86	68	73	58	0	0	89	28.5	48	14.2	51	52	49	48	00:00.17	00:00.19	00:00.18	00:00.23	87	94	90	109
318	0:00:00.72	0:04:06.23	318	83	85	77	1	25.39837	23.16739	5.08	1584.59	117	157	124	49	55	83	41	8	7	02:21.74	02:33.82	72	73	58	0	0	93	28.6	52	14.2	56	52	44	48	00:00.17	00:00.19	00:00.19	00:00.23	85	94	95	109
319	0:00:00.71	0:04:06.94	319	85	85	78	2	25.37630	23.17374	5.00	1589.59	115	157	124	48	55	74	41	8	7	02:21.86	02:33.78	72	73	58	0	0	92	28.7	51	14.3	54	52	46	48	00:00.17	00:00.19	00:00.31	00:00.23	87	94	155	109
320	0:00:00.70	0:04:07.64	320	86	86	78	2	24.71851	23.17811	4.81	1594.40	115	157	124	44	55	65	41	7	7	02:25.63	02:33.75	67	73	58	0	0	87	28.8	47	14.3	56	52	44	48	00:00.17	00:00.19	00:00.32	00:00.23	87	94	165	109
321	0:00:00.72	0:04:08.36	321	83	86	78	1	23.75281	23.17977	4.75	1599.15	115	157	124	41	55	58	41	7	7	02:31.56	02:33.74	60	73	58	0	0	85	28.8	43	14.4	51	52	49	48	00:00.00	00:00.19	00:00.29	00:00.23	0	94	145	109
